2.4497918831579835 -8.29762234569387 30.74687824736975 -5.9970394584265225
3.7620232023965903 30.243231859852514 50.43034803594885 10.305637150740594
5.160376772426835 114.41819357333878 71.40565158640253 35.258976866804794
7.685877895575096 431.02570539106824 109.28816843362645 100.14543805137974
9.23929792137951 765.7092123003546 132.58946882069264 152.72925216001548
10.780836480652297 1230.0181928635827 155.71254720978447 214.45287044512682
12.159791746636422 1774.9533170564366 176.39687619954634 277.7210706431345
14.527372180868474 3042.92261536944 211.9105827130271 404.0890849629425
16.559788799513406 4518.134663406717 242.3968319927011 530.4532101689792
17.70291056214862 5524.968999901134 259.5436584322293 608.7860847428664
18.73599976804279 6554.04202797883 275.03999652064186 684.075374616199
21.135259553803333 9418.103458529606 311.02889330705 875.3983928132701
24.08774012182556 13953.169885653306 355.3161018273834 1142.4384483532099
26.550565065948216 18693.356349631078 392.25847598922326 1391.8650106422997
28.61769037226597 23414.09290727965 423.2653555839895 1619.9444044857687
30.911587743765295 29513.833729796756 457.67381615647946 1893.0525136810018
33.785963617784546 38543.384801570486 500.7894542667682 2264.982675164522
35.8678967857718 46121.26513370794 532.018451786577 2555.012039669558
38.00297727298528 54861.89855711221 564.0446590947791 2870.4525632220707
40.80052933424577 67896.95548717264 606.0079400136866 3311.3663879092996
43.410036215959586 81780.22856028654 645.1505432393938 3750.862488541846
44.52137715805408 88225.1823686941 661.8206573708112 3946.306048099399
46.84356715069816 102766.76612389553 696.6535072604725 4370.639566803936
47.881881876261964 109754.57495307787 712.2282281439294 4567.349224024608
50.649281398009194 129910.11915031764 753.7392209701379 5112.6994122694405
52.17046440380463 141972.3452626595 776.5569660570694 5425.514712217292
53.93561841923185 156878.461152626 803.0342762884777 5800.101868529964
55.38332613610481 169854.98593357464 824.7498920415721 6116.625627796301
56.44633809090874 179825.706249868 840.6950713636311 6354.378167746349
58.49664270796491 200144.15850009333 871.4496406194736 6825.714416206609
60.36212995748621 219911.65588898747 899.4319493622932 7269.173466008909
63.23511966453087 252834.0310007863 942.526794967963 7979.360717975078
65.47434578127906 280658.31527181476 976.1151867191859 8555.77991097299
67.45170138092482 306864.1655210596 1005.7755207138723 9081.46403836291
69.7867416331733 339851.64292635693 1040.8011244975996 9722.37861555057
71.85040851638077 370903.38346343936 1071.7561277457114 10306.962407941604
72.97306746581285 388563.5884105603 1088.5960119871927 10632.137150740147
75.34844292336899 427759.33444310835 1124.2266438505349 11336.775701952389
78.07029773911827 475813.2310564594 1165.054466086774 12171.942778149152
79.50453625136008 502522.8906358209 1186.5680437704011 12623.942569087658
82.39167846699152 559283.7374816285 1229.8751770048727 13558.77736121623
85.30335809909144 620700.7813794332 1273.5503714863717 14535.32580596366
87.08666334319494 660449.8254344646 1300.2999501479242 15150.173864501947
88.66151640801742 696933.1661181913 1323.9227461202613 15703.728983538284
89.87840180424082 726026.1542978135 1342.1760270636123 16138.25422176912
91.59542184373232 768437.0618750189 1367.931327655985 16761.442605462555
94.18908007444858 835583.2232327608 1406.8362011167287 17725.165610541775
96.64797974032561 902749.5407230292 1443.7196961048842 18663.66397577278
98.29906738301145 949812.0519303782 1468.4860107451718 19307.41329673965
100.25083001666151 1007520.7909901681 1497.7624502499227 20082.45783805912
103.05325196405553 1094399.7266644535 1539.798779460833 21221.94548073423
104.90441428835886 1154443.3797520434 1567.566214325383 21991.872274367262
106.80813903494881 1218441.960583065 1596.122085524232 22797.95712821791
108.02797777756253 1260668.252027324 1614.419666663438 23322.087965419087
110.16818229875841 1337091.3563462677 1646.5227344813761 24256.05678202493
112.13361739773373 1409939.2911096849 1676.0042609660059 25129.896301402667
114.48984841802458 1500701.391065435 1711.3477262703686 26197.85078156449
116.22945143247937 1570153.8289965105 1737.4417714871904 27000.57076059016
118.40352567855535 1659922.783224432 1770.0528851783304 28020.789786224635
120.5101864759575 1750110.8930444142 1801.6527971393625 29027.410088940098
122.96520451125225 1859265.1838679858 1838.4780676687838 30222.88304098818
124.09900111285724 1911171.3703581796 1855.4850166928586 30783.124154417885
125.35665073338365 1969867.7483978497 1874.3497610007546 31410.57976618307
127.2575372546894 2060846.7422156346 1902.863058820341 32370.96157625732
128.59458473352126 2126489.994932225 1922.9187710028189 33055.13444557356
130.1964735645693 2206953.2720339224 1946.9471034685394 33884.24345729918
132.25795793317337 2313455.344996885 1977.8693689976005 34966.334873306114
133.5864698706108 2383873.633154948 1997.797048059162 35672.68986498322
136.53776606609728 2545390.7094689067 2042.066490991459 37267.12312464061
137.56024407318705 2603004.8408509204 2057.4036610978055 37827.64149894958
138.6626775391916 2666091.18876799 2073.940163087874 38436.67628467566
140.34999940805466 2764608.457894365 2099.2499911208197 39378.24466768189
143.0266146053825 2925817.030091919 2139.3992190807376 40895.224970953226
144.07580897602338 2990679.407920502 2155.1371346403507 41497.67746419116
145.43756807067822 3076284.9774675244 2175.5635210601736 42286.17241262632
148.32544716410314 3263201.8451579013 2218.881707461547 43982.876552862304
149.45673716499758 3338439.4088302795 2235.8510574749635 44656.632568014335
150.65802592108682 3419588.8837481122 2253.8703888163022 45377.681548877736
153.126981360664 3590478.923100905 2290.9047204099597 46877.744841258274
155.2887946225581 3744705.6785923396 2323.3319193383713 48211.21947065406
156.92588011582131 3864391.644077098 2347.88820173732 49233.46370025025
159.56088936738203 4062345.7714573266 2387.4133405107304 50901.354831419856
160.9939909396541 4172790.7348806593 2408.909864094812 51820.13023735486
162.6679605877311 4304312.0102926465 2434.0194088159665 52903.73080354328
164.19820207632063 4426932.864679365 2456.9730311448093 53904.099130192444
166.15523486173413 4587117.96002609 2486.328522926012 55197.12414391606
168.3187130620884 4768646.300087425 2518.7806959313257 56644.37833375529
170.38696922604484 4946603.659887637 2549.8045383906724 58045.438564074306
173.29122710767234 5203886.451081946 2593.368406615085 60041.698784965745
174.609025005727 5323511.364895392 2613.1353750859053 60958.623226901196
175.89104133462322 5441633.956261432 2632.365620019348 61857.31684355627
178.3834267072374 5676253.03831147 2669.7514006085607 63623.29384763267
179.81146748101838 5813670.826489476 2691.1720122152756 64646.32767535466
182.6537782304179 6093745.904337 2733.8066734562685 66706.80540369338
184.0577042374042 6235343.742214829 2754.865563561063 67736.47697828752
185.14668585583107 6346674.9151945235 2771.200287837466 68540.5905667956
187.59289860360624 6601576.629860511 2807.893479054094 70364.19121300579
188.63687285753127 6712406.923518545 2823.553092862969 71149.73960293684
191.51229411609702 7024065.520531945 2866.6844117414553 73335.9175952209
194.28879543576863 7334016.879579879 2908.3319315365297 75478.2720637639
196.28677563361873 7562611.699083049 2938.301634504281 77038.99657728516
197.81754555838015 7740929.936174586 2961.2631833757023 78245.56266148361
200.57649345097508 8069355.812530963 3002.647401764626 80443.8594501781
202.30810066782897 8280157.773366089 3028.6215100174345 81839.13519164883
203.85517700730375 8471572.971874302 3051.8276551095564 83095.86638535828
206.39176595762865 8791762.851651764 3089.8764893644297 85177.12211021713
208.59213216748378 9075962.013090085 3122.881982512257 87003.35520435404
211.0867233617543 9405495.793774186 3160.300850426315 89097.20955920359
213.27290763145365 9700766.251129653 3193.093614471805 90952.66625914912
214.62376247665068 9886268.51095607 3213.35643714976 92108.71883926755
216.46463727183732 10142847.345264802 3240.96955907756 93695.87837845621
218.3509495226834 10410325.168854043 3269.264242840251 95336.27431491487
221.18189361416097 10820511.539590906 3311.7284042124147 97824.86012549204
223.15314797149335 11112407.380942643 3341.2972195724005 99576.65489917442
224.94815658804586 11382730.095894193 3368.222348820688 101185.34630472
226.948795884414 11689146.294737307 3398.2319382662104 102993.51190677083
228.33079658418188 11903992.272738198 3418.9619487627283 104251.90533753409
230.18374398288364 12196160.47196453 3446.7561597432546 105951.11198795545
231.8468597969446 12462433.464078376 3471.7028969541693 107487.93279540818
232.97594503379895 12645396.644276151 3488.6391755069844 108537.58192878342
234.404096546 12879375.829805857 3510.06144819 109872.56095509298
237.15419156691547 13338029.266085085 3551.312873503732 112466.22115551449
238.6250536446644 13587744.814278524 3573.375804669966 113865.83245383792
240.82082281901648 13966300.836227663 3606.3123422852473 115971.33740645627
243.6273664553824 14460307.258535903 3648.410496830736 118690.58737197037
245.10765177690075 14725495.912818197 3670.6147766535114 120137.52191917288
246.74055898646623 15021765.148595944 3695.1083847969935 121743.80689790763
248.2262102470162 15294745.587953314 3717.393153705243 123214.5029071918
250.284435673314 15678369.389497448 3748.26653509971 125266.5974806185
251.64288329977762 15935046.352110516 3768.6432494966643 126630.281430851
254.28541576639506 16442344.748170514 3808.281236495926 129304.1453429768
255.31084015098878 16642063.088011602 3823.6626022648315 130349.2501972075
256.5037816652799 16876435.548807207 3841.556724979199 131570.38001717918
259.2418473566664 17422671.54858514 3882.6277103499965 134394.67084179426
260.7176353531592 17721915.519593336 3904.7645302973883 135929.3707682858
261.99578481162774 17983836.971793547 3923.936772174416 137265.5825181215
263.9447817955374 18388177.95074464 3953.1717269330607 139315.69567418768
265.1842932195474 18648454.981660143 3971.764398293211 140627.41874070177
266.6975052971159 18969519.63163837 3994.4625794567387 142237.11866341037
267.9794146886514 19244373.782483425 4013.6912203297707 143607.93339374437
269.64087543224645 19604540.87678452 4038.6131314836966 145394.40340773648
271.00057532522675 19902614.757649034 4059.0086298784013 146864.6236532078
273.32092601324644 20418233.26925842 4093.8138901986968 149390.65719347706
275.507810405904 20912274.360701144 4126.6171560885605 151791.10718931112
277.0804706206509 21272438.67243463 4150.207059309763 153529.17439872277
279.5734372237679 21851802.20028837 4187.601558356519 156304.61360222416
281.0123788392332 22190950.465753634 4209.185682588498 157917.91412176943
282.2903702371887 22495090.563093066 4228.355553557831 159357.70625729815
284.13355655115726 22938612.611376923 4256.003348267359 161445.75591681935
286.1144895685361 23421738.61428965 4285.717343528042 163705.0022821279
287.8454643798976 23849416.22229498 4311.6819656984635 165692.02272815778
290.3951874645909 24488818.72965893 4349.927811968863 168640.72980518977
292.54344292283884 25036332.221878197 4382.151643842582 171145.33199429652
294.25714457878865 25478898.984220725 4407.8571686818295 173156.53427132426
296.7712937289743 26137574.73879798 4445.569405934614 176128.40156313826
298.3105022029582 26546376.734817054 4468.657533044373 177960.31144916228
301.1779512433831 27319274.282420836 4511.669268650747 181398.31663032333
304.07330517904325 28114769.615441438 4555.099577685649 184903.14984501514
306.64019627399966 28832805.76078712 4593.6029441099945 188038.41994191406
307.7620664626985 29150427.3151105 4610.430996940478 189416.9791067809
309.65035886090755 29690289.10835771 4638.755382913613 191748.68948537766
310.68668437871503 29989386.958135013 4654.300265680726 193034.43170047857
313.1283201133563 30702003.643291492 4690.924801700345 196080.6897140251
314.1364487404223 30999498.440972216 4706.046731106334 197345.4168544879
315.2287857571704 31324005.27630295 4722.431786357556 198720.37473988006
317.1598112505792 31903192.110553537 4751.397168758688 201162.69174500604
318.4075943442678 32281220.27014875 4770.113915164017 202748.79227220762
320.67225876798665 32974929.05191774 4804.083881519799 205643.39508672518
323.1132243866436 33733694.18490305 4840.698365799654 208786.311547067
324.16593365032327 34064484.92022279 4856.489004754849 210149.10507877156
326.6030806694024 34838587.927763805 4893.046210041036 213321.14460548834
327.8060357096801 35224963.650264904 4911.090535645201 214895.59409539212
329.449281119398 35757357.23305168 4935.73921679097 217055.65766017625
332.2052199885676 36662247.45948524 4977.078299828514 220702.61637530517
334.4217383638847 37401001.62875038 5010.326075458271 223657.79818064507
337.1774807831588 38333230.79670033 5051.662211747382 227359.30709455482
339.36923310234835 39085632.6131499 5084.538496535225 230324.9527529521
340.85110287816656 39599878.95829816 5106.766543172498 232340.94866652496
342.8355412353355 40295566.59897903 5136.533118530032 235054.41666825084
344.859449740948 41013435.45925097 5166.89174611422 237838.08015125885
346.4495460503128 41583376.426861346 5190.743190754692 240036.5759169356
349.389618722528 42651052.846691236 5234.8442808379195 244128.21134214697
351.7918653226703 43536864.57977037 5270.877979840054 247497.03301440756
354.34251700786075 44490734.21586513 5309.137755117911 251099.23871893217
355.37108536096133 44879296.80407307 5324.56628041442 252559.21662125533
356.3801585167814 45262686.71218087 5339.7023777517215 253995.63476889252
359.22289855232566 46354491.68545579 5382.343478284885 258064.1816886689
362.2009641696054 47516954.31388642 5427.014462544081 262361.07689078356
364.93466246288637 48600992.894123346 5468.019936943296 266336.6157338016
366.586707728235 49264030.22339267 5492.800615923526 268753.6285660528
369.49333631915636 50445175.042187735 5536.400044787345 273032.65116852237
372.3002677789268 51603582.415414184 5578.504016683903 277196.9787765212
373.68905796695543 52183229.467005715 5599.335869504332 279269.0240884611
374.98577694481423 52728351.87617284 5618.786654172213 281210.66582181194
377.945142367641 53986617.578623 5663.177135514615 285667.0612785928
378.95373963142106 54419983.77629654 5678.306094471316 287193.87356127775
380.022140245118 54881568.71301309 5694.33210367677 288815.6541529603
382.5995542558337 56005825.22844411 5732.993313837505 292746.83783352526
384.584431115672 56882008.30020349 5762.76646673508 295792.3693131301
387.28360472781134 58088098.993385464 5803.25407091717 299959.18098193523
388.59158324049025 58678634.49503613 5822.873748607354 301988.83713070175
390.85423275909955 59709617.79624225 5856.813491386493 305516.06253140874
392.89178647033987 60648307.39069344 5887.376797055098 308709.9117517103
394.9970019579489 61628448.70211798 5918.955029369234 312027.26311153575
396.3208251138006 62250166.84551872 5938.812376707009 314122.39283776743
398.98527332842536 63514142.75707194 5978.779099926381 318360.4966659166
400.4779366810926 64229660.82426177 6001.169050216389 320747.15553669044
402.74640878765433 65327325.247054495 6035.196131814815 324391.33958270476
405.170531107939 66514051.43314168 6071.557966619085 328308.3185565787
406.20530350894506 67024968.574383356 6087.079552634176 329987.4971975884
408.5254135005977 68180014.34057607 6121.8812025089655 333768.0269516687
410.570246399431 69208952.4172423 6152.553695991465 337117.854456979
413.04948092410535 70470296.76887265 6189.74221386158 341201.74738334573
416.0429836633231 72013591.04839851 6234.644754949847 346165.5285109603
418.973759790521 73546216.59323849 6278.606396857815 351060.0227860104
421.42788285701045 74846184.46947932 6315.418242855157 355184.92089868424
423.56857607883137 75992558.67217939 6347.528641182471 358802.6772828975
424.75932041166226 76635257.59062463 6365.389806174934 360822.96055315435
426.5581381998383 77613017.35805546 6392.372072997575 363885.6905290247
428.7733587100807 78828498.22783917 6425.60038065121 367675.18627904705
431.4194868916259 80296968.51548591 6465.292303374389 372227.54733966757
434.2947677373016 81913157.96959399 6508.421516059524 377205.89056799345
436.09510611810373 82936082.70982859 6535.426591771556 380339.8831603203
438.42511081187274 84272551.41763635 6570.3766621780915 384415.1555808058
439.98954164977414 85177902.93456542 6593.843124746612 387163.59352235665
441.077867378969 85811537.19944385 6610.168010684535 389081.3701831588
442.22205259000776 86481073.63908137 6627.330788850117 391102.6875938392
444.1412064735323 87611898.20001954 6656.118097102984 394504.8225755297
446.86862144730634 89235871.29212148 6697.029321709595 399365.12966843194
448.38833302508743 90149391.71157461 6719.824995376312 402086.1943860334
450.38691072873195 91360227.42050637 6749.803660930979 405678.7387115415
452.9747887545856 92944134.14039299 6788.621831318784 410354.3184945228
454.10016808604445 93638593.40249959 6805.502521290667 412395.92531154765
455.2606470636949 94358326.12664917 6822.909705955423 414506.5135297083
457.1972028727933 95567580.19279107 6851.9580430918995 418040.5646294122
459.848728615602 97239981.50030641 6891.73092923403 422903.7064187712
461.9553563568798 98582521.00899863 6923.330345353197 426787.5025336236
464.03351675139334 99918970.63129629 6954.5027512709 430636.2093373313
466.2637924123787 101366622.61550257 6987.956886185681 434785.8482295475
468.0603169977597 102542846.71852025 7014.904754966396 438142.92069608654
470.5876989721532 104212932.31184676 7052.815484582298 442887.56484781177
473.34443961789566 106055145.78292528 7094.166594268435 448091.91703435936
475.0279720864157 107190786.7209881 7119.419581296235 451285.148529065
476.3916694805287 108116600.83505914 7139.875042207931 453880.04550089064
478.48585301689826 109548696.53704895 7171.287795253474 457879.4230746175
480.25044542441555 110765175.21405597 7197.756681366233 461262.9806606991
482.8091189483644 112545025.43922955 7236.136784225466 466191.2906793918
483.9112147004877 113317496.97780076 7252.668220507315 468322.127425803
486.6758129082124 115270772.12792446 7294.137193623185 473688.69373973866
487.83077373114736 116093390.25878887 7311.461605967211 475939.7275982598
490.12563319808726 117739493.79660489 7345.8844979713085 480428.2726356519
492.4146701699651 119396849.0315628 7380.220052549477 484926.4147971911
494.12756817464236 120647178.80081034 7405.913522619636 488306.1072603717
496.10382974832453 122100560.38076833 7435.557446224868 492220.0197819091
497.6676418014683 123258855.50546743 7459.014627022024 495328.16339246905
499.69182076575055 124768985.0067044 7489.377311486258 499365.83148038195
501.0080273481955 125757522.71412458 7509.120410222933 502000.08693466044
503.42803714125165 127588672.29826957 7545.420557118775 506861.5771597869
505.5235383038156 129188563.46120825 7576.853074557234 511090.09555841866
507.3616441591464 130602899.78195466 7604.424662387196 514813.6759277446
508.62514071820345 131581063.76781128 7623.377110773052 517381.06754122453
510.9353769256429 133382191.07635781 7658.0306538846435 522091.91878829757
513.2560402311918 135207920.46320006 7692.840603467877 526845.5256676056
514.6370119347898 136302234.9931048 7713.555179021847 529684.508106338
517.6336012509174 138697076.83842453 7758.504018763761 535871.0902879876
519.3957941264031 140118414.4757547 7784.936911896046 539525.9819123938
520.807459562611 141264005.82952097 7806.111893439165 542462.8198721214
521.8495908169452 142113708.1365872 7821.743862254179 544635.9908716263
523.8683665369975 143769398.06713048 7852.0254980549635 548858.130916284
525.7110079186631 145291813.2454921 7879.665118779946 552726.1276937133
527.1024205328125 146448512.0421824 7900.536307992188 555655.9234630999
529.5319696790324 148482916.03928378 7936.979545185486 560790.2138243114
531.5932029510464 150223609.06093958 7967.898044265696 565164.6668475047
533.1842099405419 151576464.3189969 7991.763149108128 568552.8034598398
536.0081186798095 153997630.49869224 8034.1217801971425 574591.4065813376
538.8770865084311 156483693.57588443 8077.156297626467 580759.0287276304
541.8578887688178 159094856.34402788 8121.868331532267 587201.9432420011
543.9747111499993 160966710.40034872 8153.620667249989 591798.9727414503
545.5904220044945 162405282.45143938 8177.856330067418 595319.8171660848
546.6644961791603 163366327.38962334 8193.967442687404 597666.1427656304
547.9491399485167 164520752.82177505 8213.237099227752 600478.5199406383
550.1054088668589 166470653.88104382 8245.581133002883 605213.9217291479
552.7370118545476 168871196.29751962 8285.055177818214 611018.4085477886
554.7978108602158 170767082.12833467 8315.967162903236 615583.2218705756
557.3294133641472 173115451.8616834 8353.941200462208 621214.1500016488
559.3110823247383 174968640.2648546 8383.666234871074 625639.7736225404
562.1393266918195 177636354.23016673 8426.089900377292 631983.2452270644
564.5007114854332 179884368.29223529 8461.510672281498 637304.1065351205
566.5538595088714 181854290.69945788 8492.30789263307 641948.551448796
569.1165672179903 184333228.95334834 8530.748508269855 647769.3341639786
570.9076314046474 186079054.7668629 8557.614471069712 651853.0471921295
573.0431575288399 188175006.80670154 8589.647362932597 656738.9207812456
574.5676478415934 189680835.07353234 8612.5147176239 660237.9638924425
576.8951393300677 191995295.55856797 8647.427089951016 665598.0035653163
578.6852380123809 193788124.6918047 8674.278570185714 669735.2093868918
580.4845784950584 195601422.31139296 8701.268677425876 673906.6917411712
581.7015343766536 196834208.1007027 8719.523015649804 676735.3501923063
582.748443850513 197898871.15739053 8735.226657757696 679173.497620389
585.4822531141957 200697127.48512965 8776.233796712935 685560.9374233503
587.1457731941899 202412704.1952845 8801.186597912849 689462.3179596063
588.6163802920519 203937448.78437167 8823.245704380777 692920.4862962349
590.1335020068561 205518424.69447017 8846.002530102842 696497.1003817521
592.3324117765483 207824356.36301774 8878.986176648225 701697.3720820447
594.3807329485965 209987828.24154735 8909.710994228946 706558.9114010215
597.2838194438577 213079761.7066371 8953.257291657867 713477.9219388857
598.4743246220952 214356433.87421632 8971.114869331428 716325.034463746
600.9355696979383 217011968.6158562 9008.033545469074 722229.1178563712
602.9463440308577 219197679.8280381 9038.195160462867 727070.587560355
605.6819639956881 222194794.04265743 9079.22945993532 733683.2830193479
607.0704667774394 223726419.2836892 9100.057001661591 737051.1032667563
608.3859244999816 225183947.90296298 9119.788867499723 740248.8662593946
610.4675523689759 227503305.85924566 9151.013285534638 745323.2649907367
612.3634444685634 229629525.4038038 9179.451667028452 749959.9762428068
614.2319651685881 231737969.9486129 9207.479477528821 754543.8140697313
616.9309380881857 234806225.49766332 9247.964071322785 761189.5647407377
619.8220398868335 238122812.29769197 9291.330598302502 768340.7222589509
622.3813039996728 241084657.60812023 9329.719559995092 774698.9751366663
624.2777236948358 243295162.23382577 9358.165855422538 779427.3526032115
626.4161547160827 245803921.44958675 9390.242320741241 784776.3977785666
629.1295374394776 249011948.63221306 9430.943061592165 791589.9497576222
632.0465273851077 252491701.56736463 9474.697910776615 798947.6255591473
634.404623765712 255328315.31354195 9510.069356485681 804920.4533106292
636.2390012939165 257549567.20385242 9537.585019408749 809582.1335349607
638.0606759254019 259768149.3608823 9564.910138881029 814224.8523247616
640.1359764435484 262311100.3563654 9596.039646653226 819530.1366746704
642.8594031623096 265673333.2628331 9636.891047434645 826518.4244684018
645.213756764081 268602974.89702874 9672.206351461216 832583.5838352374
646.5906583222917 270326262.8354613 9692.859874834376 836140.9588593091
648.0046347717835 272103607.51939225 9714.069521576752 839802.013371425
650.7461484422012 275571806.2040195 9755.192226633017 846923.0994247186
652.65793406447 278007703.2003002 9783.869010967052 851906.7577946043
653.9997536582271 279725924.90716577 9803.996304873406 855413.3555700433
655.3482752086301 281459846.70228696 9824.224128129452 858944.7236378527
657.5270167351852 284276376.3251807 9856.905251027778 864665.5554733449
660.3331501618486 287931557.42675984 9898.99725242773 872061.738405341
662.7859891305227 291152097.45603967 9935.78983695784 878552.5347754507
664.7938289651297 293806164.8340086 9965.907434476945 883883.6700602362
667.6870504065186 297658868.3777914 10009.305756097778 891593.9945611136
669.1396917186125 299605886.8626967 10031.095375779189 895477.8540665597
671.1845696737453 302361059.08450425 10061.768545106179 900959.4531362612
672.7099947348529 304427308.39546186 10084.649921022794 905059.4740323316
674.9287022732419 307449407.213191 10117.930534098628 911039.5063044849
676.55274947442 309674152.5192087 10142.2912421163 915429.2456427946
679.0119897669715 313063399.6152926 10179.179846504572 922096.5644946037
681.3723890930493 316339599.97642505 10214.58583639574 928518.6652367394
682.6595357412903 318135732.97749364 10233.893036119354 932030.083477028
683.8568765906492 319812639.5934573 10251.853148859738 935302.4553206369
686.5718643102525 323636857.38310736 10292.577964653789 942743.8497249116
688.5566583182357 326451761.3660012 10322.349874773536 948202.5434287512
690.424682786074 329115924.8357637 10350.37024179111 953354.4852005017
693.0117487255376 332829461.2280434 10389.176230883064 960512.5677432553
695.4458954865352 336348902.63631165 10425.688432298028 967271.9870981376
697.1563487131951 338836767.9541758 10451.345230697927 972035.9491022283
699.4193525956382 342147133.13777924 10485.290288934573 978356.8615706033
701.081469622224 344592194.72027266 10510.222044333359 983012.4540953146
702.3093119068668 346405876.953588 10528.639678603002 986458.7391821934
704.493219551678 349647497.40074784 10561.39829327517 992603.3927885775
706.6223315861134 352827190.9346003 10593.334973791701 998612.2389923905
709.4399848208357 357064733.8731314 10635.599772312535 1006592.1841251751
711.7046149658321 360495060.33289546 10669.56922448748 1013028.9179273266
712.8551298114121 362246176.3502406 10686.826947171181 1016306.8721968904
715.614367243947 366468901.53880334 10728.215508659205 1024189.8452119092
717.1157355865735 368780313.98950374 10750.736033798603 1028491.9564517447
719.7799423928924 372905847.9975268 10790.699135893386 1036148.330942231
721.120481369625 374993262.86634046 10810.807220544375 1040011.4973015195
722.1721190405129 376636257.87851554 10826.581785607694 1043047.1390389296
725.0966615209354 381230545.4587311 10870.44992281403 1051512.337097612
727.7151921942661 385375675.39277744 10909.727882913992 1059120.8019006755
729.1994414688927 387738527.1210218 10931.99162203339 1063445.6508770902
730.6367337896509 390035811.4591881 10953.551006844762 1067642.0735256183
731.8530905871393 391987039.6240161 10971.796358807089 1071199.892403895
733.3382517086064 394378282.4023633 10994.073775629096 1075551.9828380707
736.201722032386 399016138.9098211 11037.025830485789 1083967.951046901
738.2645524115075 402379664.6227389 11067.968286172612 1090051.0986947268
739.5671321550928 404513277.59482604 11087.506982326393 1093901.085928217
742.1127975970142 408704800.2121037 11125.691963955212 1101444.8087145337
743.6373453916522 411228827.3574355 11148.560180874782 1105975.0029222867
746.2366199466253 415556086.6752766 11187.54929919938 1113720.1858987282
748.4797352239399 419314726.887981 11221.196028359098 1120425.8280817983
750.9241034447471 423436323.77831197 11257.861551671205 1127756.0182685943
753.2243332229012 427339464.5655088 11292.364998343519 1134675.7923181683
755.9327049044767 431965818.5614829 11332.990573567151 1142850.5086883975
758.1326969887059 435748257.7819012 11365.99045483059 1149512.372486738
760.8266526675783 440409959.35583943 11406.399790013675 1157696.3908187037
761.9825270339353 442420268.9791978 11423.73790550903 1161216.7430100439
764.3064284216562 446480519.37587565 11458.596426324842 1168310.6330533365
767.1595461518949 451499276.3144141 11501.393192278423 1177049.5385039628
769.5923138184568 455808209.46166056 11537.884707276851 1184526.658976892
772.4389758760483 460884939.1729054 11580.584638140725 1193305.9429048765
774.9206559401861 465341398.5587139 11617.80983910279 1200986.0460055366
777.2748148408164 469595327.1324202 11653.122222612245 1208294.2755716508
779.0537692816607 472827010.9706963 11679.80653922491 1213831.550863926
782.0227457476925 478253474.92559534 11724.341186215388 1223101.1497335203
784.1545219215012 482175270.64099723 11756.317828822519 1229778.6284998762
786.8983540298904 487254535.30399084 11797.475310448355 1238400.0391499014
788.9846246356633 491140332.09801275 11828.76936953495 1244975.475822957
790.0994089425991 493225123.7848774 11845.491134138987 1248496.152022889
792.3438674346955 497440432.97800595 11879.158011520432 1255599.6085227407
793.6279325950015 499862796.63903487 11898.418988925023 1259672.5907900326
796.0907072713591 504530753.38410276 11935.360609070385 1267502.8284076254
798.9343298586075 509956614.6851357 11978.014947879112 1276574.1268532446
801.6680516140704 515209318.4910448 12019.020774211056 1285325.3299573995
804.1212410128504 519953592.8483826 12055.818615192757 1293203.9404960934
805.3027754384146 522248941.57840544 12073.54163157622 1297007.1202576275
807.483400804361 526502928.71469074 12106.251012065415 1304040.8851491527
809.0286400376727 529531341.0722628 12129.42960056509 1309036.6808024126
810.0623413284559 531563692.88109416 12144.935119926839 1312383.9936770794
811.0655608865604 533541080.7734832 12159.983413298407 1315636.6881124617
813.0830887431694 537532548.0892454 12190.24633114754 1322190.2184002653
814.5966493664827 540540002.9920225 12212.94974049724 1327117.4023182006
815.9482199622691 543235045.4169611 12233.223299434037 1331524.9953191911
817.7601254452056 546862032.7240652 12260.401881678084 1337445.245536317
820.2896780310061 551952521.9753231 12298.345170465092 1345732.3117684233
822.2235040947643 555865402.6202272 12327.352561421465 1352084.9813717457
824.2144382270939 559913109.9107366 12357.216573406407 1358640.8803640078
826.0101168378932 563580660.6806965 12384.151752568398 1364567.4262370998
827.5652425273206 566769810.1273016 12407.47863790981 1369710.461278606
830.23062249552 572263736.9587286 12447.4593374328 1378547.7730585975
831.7155079832248 575339750.3870401 12469.732619748373 1383483.3724395875
834.5158309455967 581170714.8009137 12511.73746418395 1392815.3441976395
836.5581313305722 585448041.7056388 12542.371969958584 1399641.014190598
837.5962334847067 587630230.9467587 12557.9435022706 1403116.9006955344
838.9204217860732 590421661.6111054 12577.806326791098 1407556.948179446
841.6266933708433 596154034.0827788 12618.40040056265 1416652.9819886792
842.937292106009 598943404.038019 12638.059381590134 1421068.5568460221
845.7169906658976 604888253.330924 12679.754859988463 1430456.4566019638
848.6531930115166 611210395.8266175 12723.79789517275 1440406.4840172848
850.144794944783 614438873.5080718 12746.171924171746 1445474.3447434143
852.7630681486768 620133416.3982921 12785.446022230151 1454391.7007966896
853.799572997507 622397420.0507573 12800.993594962605 1457929.4217014504
855.0681909889736 625175911.8807385 12820.022864834604 1462265.2224823115
857.3676444341479 630233165.8133457 12854.51466651222 1470140.555445119
859.8059490784501 635625513.9598192 12891.089236176751 1478514.5401413888
861.5087138951309 639409387.4661303 12916.630708426963 1484376.5282344848
864.2578653909425 645550179.8196768 12957.867980864137 1493865.3157802168
865.7333815989593 648862201.4521307 12980.00072398439 1498970.5760295386
867.581808760283 653027238.3747969 13007.727131404245 1505378.3897835286
869.1405839712528 656553428.1240889 13031.108759568791 1510792.7094117806
870.2452559094397 659060036.6010206 13047.678838641596 1514635.6108657725
872.7715127144038 664816320.3572845 13085.572690716057 1523442.2268115773
874.4723533397375 668710644.259177 13111.085300096063 1529385.7935110775
876.1589853567342 672587424.0715775 13136.384780351013 1535291.135242684
877.4291513431991 675516812.8629404 13155.437270147986 1539745.8312536932
880.1409650542093 681799519.476567 13196.11447581314 1549278.23673311
882.446263334984 687170948.9181372 13230.69395002476 1557404.8153477518
884.3656966211917 691664763.1679536 13259.485449317875 1564187.3707205711
886.5982920000826 696916355.1347685 13292.974380001238 1572095.0627549272
888.7299498873208 701955261.6514758 13324.949248309811 1579663.8476534395
890.4477884577249 706033592.1756024 13350.716826865873 1585776.5279385063
892.382706303553 710646173.8789546 13379.740594553296 1592675.789019307
893.9224348470557 714330998.5476562 13402.836522705835 1598176.639045777
895.0332240921944 716997194.9491978 13419.498361382915 1602150.9444577363
896.9334563252239 721573636.9967628 13448.00184487836 1608961.2501510247
898.0592342025676 724294078.5462826 13464.888513038513 1613002.7762730042
899.7801243279541 728465809.6386387 13490.701864919312 1619190.5442712572
902.5231859500349 735148524.3841796 13531.847789250523 1629078.2023548025
904.1185927975457 739054026.9388357 13555.778891963186 1634842.8596844287
905.1346231221972 741548430.315403 13571.019346832958 1638519.3719491241
906.8308218019108 745725175.0471742 13596.462327028663 1644666.278739858
907.9919820331866 748593457.6001468 13613.879730497798 1648880.8788731091
909.6387998675908 752674003.6348441 13638.581998013862 1654867.492449102
910.9968657759958 756050204.5518879 13658.952986639937 1659812.5789073755
913.4197594655976 762098652.1142435 13695.296391983964 1668653.3139643804
915.8524010450825 768203801.4970535 13731.786015676238 1677553.2410000854
918.6606013113768 775291924.8561996 13773.909019670653 1687856.6008035608
921.5206200813138 782555520.9343712 13816.809301219708 1698382.5064700984
923.6697995314571 788043551.495978 13849.046992971857 1706313.7971329642
924.8644225463174 791105142.6290439 13866.966338194761 1710730.4001838663
927.0143309025204 796634905.4515462 13899.214963537806 1718693.1393972954
929.0400953011731 801868882.1469972 13929.601429517596 1726212.9973544255
931.7596583446741 808931406.9045246 13970.394875170112 1736334.1218371675
933.8927656091962 814499873.526894 14002.391484137943 1744293.395314386
936.2779072762587 820756470.2494982 14038.16860914388 1753214.639307221
938.4787660278447 826558012.3771333 14071.18149041767 1761466.788570292
939.9715784934605 830508639.5483874 14093.573677401908 1767075.1367509754
941.2291818840577 833846554.8998699 14112.437728260866 1771806.745660265
942.4796439990415 837174371.7079843 14131.194659985622 1776517.75870512
944.7149623701603 843145195.1223658 14164.724435552404 1784954.7202521067
947.2224893305012 849876831.9467735 14202.337339957518 1794442.8885869428
949.2019533362092 855216080.2531887 14232.029300043137 1801950.69643455
951.4333369672738 861261594.9799759 14265.500054509108 1810432.789385364
953.2031481877287 866076775.0342739 14292.04722281593 1817174.4834299944
955.6922982081734 872879405.2797884 14329.3844731226 1826677.5377088403
958.3749185500147 880250553.2778109 14369.623778250221 1836946.969011495
960.6403792095703 886507678.7475624 14403.605688143554 1845641.876335814
962.9609811554417 892947773.7977794 14438.414717331625 1854569.7024557018
965.640195258894 900421786.2679365 14478.60292888341 1864903.9733992699
967.0849560146703 904469385.2430576 14500.274340220054 1870488.6242997935
968.3894191180466 908134334.6216724 14519.8412867707 1875538.1341195754
970.9059509713928 915232593.9247503 14557.589264570892 1885298.7312633293
972.199963769178 918896909.3148371 14576.99945653767 1890327.539105582
973.3086310818223 922044142.059715 14593.629466227336 1894641.3826767418
976.1142554485767 930040702.2190543 14635.713831728652 1905580.0793798587
978.8996109090443 938025094.5358111 14677.494163635665 1916470.8964757568
980.8882674873163 943753573.701555 14707.324012309744 1924265.5865885378
982.8579555620113 949450355.5641744 14736.86933343017 1932001.5216230731
984.3569967599657 953801250.0325689 14759.354951399486 1937899.3941405981
987.2616944019242 962269786.5204116 14802.925416028862 1949353.3064667166
989.1946478640268 967932925.9106799 14831.919717960402 1956994.102725672
991.0644718645399 973432210.1375006 14859.967077968098 1964399.5747842786
993.5812313292304 980867008.3043734 14897.718469938456 1974389.3264994193
995.6474949363916 986999212.2549978 14928.712424045874 1982609.8683462238
997.5716771485406 992732684.3820174 14957.57515722811 1990280.5020979044
1000.4982734321775 1001495542.2494817 15001.474101482661 2001975.5902815363
1001.560563317537 1004688976.8267453 15017.408449763056 2006229.123985884
1003.8800439435975 1011685331.4668618 15052.200659153961 2015532.2852563984
1005.1364145782512 1015488504.5116786 15071.046218673768 2020580.4238224442
1006.896027669255 1020831053.5425689 15097.440415038825 2027661.2210722503
1008.6038789557186 1026034330.9834608 15123.05818433578 2034545.5692890438
1010.7352676735854 1032552755.1331848 15155.02901510378 2043153.5626383887
1013.173015378822 1040041894.0303928 15191.595230682331 2053021.1181836294
1014.6088429609352 1044469878.5551 15213.132644414029 2058844.2084290555
1017.3199916099122 1052865093.8454564 15253.799874148683 2069861.9306583838
1018.7384756756352 1057275375.0886278 15275.077135134528 2075638.1636438335
1020.5934609506301 1063061365.2475748 15302.901914259452 2083204.0250703704
1023.2148824368439 1071273927.8245885 15342.22323655266 2093919.3912804888
1024.9829382240496 1076836826.3100667 15368.744073360744 2101162.047300812
1027.5827240026413 1085051554.1183574 15407.74086003962 2111834.509337377
1030.1622841537328 1093243560.1590521 15446.434262305993 2122450.663385672
1031.7676500558357 1098362537.3288488 15470.514750837536 2129070.967403483
1033.610097997321 1104257154.3211162 15498.151469959814 2136681.669364063
1035.3655026298916 1109892873.5166404 15524.482539448374 2143945.448072096
1037.2765603953417 1116050081.395352 15553.148405930126 2151867.325491182
1039.064716119956 1121831896.2864096 15579.970741799341 2159292.96857089
1041.0054403730912 1128129584.9792893 15609.081605596368 2167366.653772747
1043.250317554827 1135443603.1804178 15642.754763322406 2176724.450156495
1045.6830532468268 1143405298.6553333 15679.245798702403 2186888.095695212
1048.5419806432835 1152809271.2125733 15722.129709649253 2198862.57034268
1049.6425653331885 1156443164.2364094 15738.638479997828 2203481.0299184737
1052.1316166062281 1164689621.5471876 15775.974249093422 2213943.87732487
1054.345842322084 1172058424.5456612 15809.187634831262 2223272.31044373
1056.3041865708167 1178601514.3490095 15838.56279856225 2231539.0691340696
1057.576131586899 1182864270.0516648 15857.641973803486 2236916.54820462
1059.312656009573 1188700579.917139 15883.689840143594 2244268.606364112
1061.8933258290797 1197409405.7826045 15922.399887436195 2255216.870880688
1062.904910949452 1200834709.7957711 15937.57366424178 2259515.699440925
1064.6048992211583 1206605701.1499562 15963.073488317375 2266749.1828913856
1065.9040255970756 1211028319.1903403 15982.560383956134 2272284.7835681024
1068.4555636112545 1219745954.412523 16020.833454168818 2283176.5828236872
1071.3322011964365 1229624387.793427 16063.983017946546 2295487.3706408036
1072.4304930553533 1233409968.2766047 16080.457395830299 2300196.3248698963
1073.9025627598264 1238496057.0346544 16102.538441397397 2306515.4286042457
1076.8465069865858 1248709463.126414 16146.697604798788 2319178.7992184223
1079.8000682544118 1259012505.3394036 16191.001023816178 2331918.374804465
1081.0890714650761 1263526700.050682 16210.336071976142 2337489.160882441
1083.1440120560715 1270745561.8548331 16241.160180841072 2346383.901705846
1085.4343527922424 1278823709.0754318 16275.515291883636 2356317.468443028
1087.2827298660284 1285367935.229694 16303.240947990425 2364349.4693298456
1090.0262077662092 1295122391.587107 16344.393116493138 2376296.267234366
1092.8637453019262 1305263065.256832 16386.956179528894 2388684.331590707
1094.839994826871 1312356885.4892085 16416.599922403064 2397331.2285450054
1096.5086264286413 1318366474.352277 16441.62939642962 2404644.335664851
1098.912483207355 1327056192.6426558 16477.687248110327 2415199.291497911
1101.7054269161108 1337200279.6528726 16519.581403741664 2427491.69539282
1102.9995161346726 1341917937.9760385 16538.992742020087 2433197.865186644
1105.1086275353268 1349630551.9270551 16570.629413029903 2442512.1573060276
1107.8636351524317 1359749520.1658044 16611.954527286474 2454705.6681863205
1109.2116917098904 1364719221.939157 16632.175375648356 2460683.154051834
1110.745858007091 1370389744.8594098 16655.187870106365 2467494.722159818
1113.583257888064 1380918575.464258 16697.74886832096 2480117.344497189
1114.7186344340325 1385146714.6726913 16714.779516510487 2485177.2679089485
1115.9143689166176 1389608948.3094375 16732.715533749266 2490511.757509146
1118.213120525357 1398214314.7281706 16767.196807880355 2500783.165830113
1119.9261129002557 1404649943.4090986 16792.891693503836 2508450.9967117524
1122.126548948174 1412945810.245512 16825.89823422261 2518317.983708678
1123.458468085725 1417983114.431982 16845.877021285873 2524299.8590270476
1125.5539292354433 1425932337.812683 16877.30893853165 2533725.295234691
1128.3609952118145 1436627543.6363773 16919.41492817722 2546379.071030793
1130.967150344409 1446605011.666464 16958.507255166136 2558155.390316306
1133.535394354201 1456482427.996461 16997.030915313015 2569786.9805074674
1135.8579150225619 1465453421.5131834 17031.868725338427 2580328.4062388027
1138.3914977845925 1475281592.8963938 17069.872466768888 2591852.404456496
1141.0524398004918 1485651018.552876 17109.786597007376 2603983.34074931
1143.2787020348737 1494363780.3528967 17143.180530523106 2614154.381053091
1145.3077100899536 1502334174.1358707 17173.615651349304 2623441.5015829867
1146.4918065742256 1506998637.009265 17191.377098613386 2628868.9250836633
1148.3055858260655 1514162288.9860902 17218.58378739098 2637193.436878687
1151.0140708332935 1524901851.845711 17259.211062499402 2649648.7825124604
1152.7193671708642 1531689598.9644537 17284.790507562964 2657505.8789015952
1155.000200215334 1540799653.2769215 17319.00300323001 2668032.924994923
1156.595351649613 1547192391.9474885 17342.930274744194 2675407.6149149835
1157.7704868923524 1551913165.5406098 17360.557303385285 2680847.00063791
1158.9009892545384 1556463692.3249815 17377.514838818075 2686085.0057902955
1160.256863608961 1561933113.640221 17397.852954134418 2692373.979103407
1162.5114346793348 1571056101.7723582 17431.671520190022 2702847.6715204106
1163.5159029480217 1575132035.7585855 17446.738544220327 2707520.5128259
1166.2573775654987 1586292262.3761196 17487.86066348248 2720294.541451908
1168.450718395335 1595258963.4753742 17520.760775930023 2730536.1626371485
1170.3904320249742 1603216899.310931 17549.856480374612 2739609.5267512114
1171.7372448653969 1608757918.98099 17570.05867298095 2745918.342009502
1173.8344267400241 1617411480.597946 17601.51640110036 2755756.522800162
1175.1683844350796 1622931879.2322655 17621.525766526192 2762023.46355151
1177.0686929278804 1630817713.5773816 17650.030393918205 2770963.4157418977
1180.0125244495507 1643084294.685956 17694.18786674326 2784841.115715603
1182.7266970107687 1654448275.4891624 17734.90045516153 2797666.8796440056
1184.1242210895616 1660319956.0515847 17755.863316343424 2804282.341941922
1187.0559819286889 1672682821.5665138 17799.839728930332 2818185.8084653676
1188.9511160049428 1680706929.532618 17828.26674007414 2827191.512498798
1191.7369088278426 1692548662.1759474 17870.05363241764 2840455.7197250836
1193.6431369755792 1700683546.802567 17898.647054633686 2849549.8768978026
1195.075913727886 1706815092.7642062 17920.13870591829 2856394.8791450835
1197.2774119275039 1716265061.2945962 17953.161178912556 2866928.4022236434
1199.5058109316897 1725865959.3064141 17986.587163975346 2877610.380917781
1200.632789157111 1730735067.9317243 18003.49183735666 2883020.188798367
1203.0682024738426 1741288530.4897618 18040.02303710764 2894728.199607285
1204.6672466163602 1748241003.5377212 18064.0086992454 2902428.350140485
1207.2641943140945 1759571646.4261827 18102.962914711417 2914955.6697457195
1209.3895874246523 1768881214.1686075 18134.843811369785 2925228.3483423414
1211.0297692544555 1776087882.9300616 18159.446538816832 2933168.204040999
1213.47466193223 1786866602.5457067 18196.11992898345 2945023.5103030796
1216.1817189856622 1798851893.0748796 18236.725784784932 2958177.9471898405
1217.6800566057195 1805508651.8923156 18259.20084908579 2965471.4405106166
1219.4383217961276 1813341125.9724708 18285.574826941913 2974041.6413299125
1222.1415759560011 1825427337.8128738 18326.123639340018 2987242.0633604364
1223.1939969448897 1830147182.6585846 18341.909954173345 2992389.1083240295
1225.568198631739 1840824747.8712957 18377.522979476085 3004016.8189948914
1226.6076396979925 1845512497.177693 18393.114595469888 3009114.60353096
1228.5288352527143 1854197784.7392983 18421.932528790716 3018548.198094782
1229.7317684667928 1859649820.0096273 18439.97652700189 3024462.4447529316
1232.1751001355967 1870756571.889577 18476.626502033952 3036492.9547883356
1235.0496815340855 1883880187.6984835 18519.745223011283 3050677.431714892
1236.8871279646683 1892300937.4087648 18547.306919470022 3059761.534649371
1239.6419359281083 1904972775.9440227 18588.629038921623 3073406.2586231763
1242.1081479309091 1916364983.8951523 18625.622218963636 3085647.3023127066
1244.1871175776178 1926003605.237811 18656.806763664266 3095985.1670922018
1247.1321803188903 1939712890.1201942 18700.982704783353 3110659.350373898
1248.5602038635518 1946383703.4241126 18722.403057953277 3117787.165343588
1251.3103879718155 1959273862.055362 18763.655819577234 3131537.374092351
1253.8532200733991 1971242680.6974947 18801.798301100986 3144277.794976864
1256.8364171159235 1985346263.9879625 18846.546256738853 3159257.5587775833
1258.4589964978898 1993045458.1957204 18870.884947468345 3167420.0917329513
1260.9319955901774 2004818169.7740917 18907.97993385266 3179880.995006054
1263.5827657041264 2017488540.358889 18947.741485561895 3193264.8115689782
1265.1484861352335 2024997519.3531983 18971.227292028503 3201183.3839405463
1267.977753008893 2038613503.1440082 19013.666295133393 3215517.164250962
1269.0978044230285 2044020623.7029927 19030.467066345427 3221200.4743827027
1271.6305045377787 2056282632.6983516 19068.457568066682 3234070.2801420116
1273.5502280125245 2065609531.7248633 19097.253420187866 3243842.3665415063
1276.1856721056024 2078459605.5720077 19136.785081584036 3257281.7393752565
1277.8297833617066 2086503003.7446742 19161.4467504256 3265679.9104924523
1280.1822419835596 2098047860.3382647 19196.733629753395 3277715.1453801063
1281.733111843869 2105682107.6590796 19219.996677658033 3285661.5399939357
1283.482886083479 2114317682.029256 19246.243291252184 3294638.637738353
1286.2971686510025 2128256342.702224 19288.457529765037 3309102.8121591713
1287.7947283297294 2135698409.1893306 19310.92092494594 3316812.524627683
1289.839648518568 2145888553.802877 19341.59472777852 3327354.6377810063
1291.7959627279333 2155667450.135312 19370.939440919 3337455.6186403763
1293.8872642096908 2166153903.7389503 19402.308963145362 3348270.5049680765
1295.572181203721 2174627310.652154 19427.58271805581 3356996.553417934
1296.6621912131654 2180120699.0375695 19443.93286819748 3362647.676243455
1299.081536978717 2192346658.6471567 19480.223054680755 3375207.679437971
1300.5802404626127 2199943109.3888793 19502.70360693919 3382999.9237635746
1302.4069035019995 2209225585.118199 19530.103552529992 3392509.4845793336
1304.1409131625692 2218061351.6702313 19556.113697438537 3401549.0427689995
1305.7747640601806 2226408280.1711774 19580.62146090271 3410077.4689128404
1307.9188434476573 2237393571.3731422 19612.78265171486 3421285.402090915
1310.3114038659796 2249694558.6548257 19648.671057989694 3433813.950202469
1311.8628082607026 2257694916.547263 19671.94212391054 3441950.055395314
1313.469554226097 2266000633.367692 19696.043313391456 3450386.539757804
1315.8742127633984 2278468999.323663 19732.113191450975 3463031.887631387
1318.7966397488026 2293683504.9329247 19775.94959623204 3478431.154025466
1320.1662071249834 2300836884.282546 19796.49310687475 3485659.6288695293
1322.7659556078083 2314456497.335388 19835.489334117126 3499401.5466300766
1323.8558978793733 2320182460.800237 19851.8384681906 3505170.876700003
1326.3769983287514 2333463119.778182 19889.65497493127 3518533.883391177
1328.6190640006043 2345316370.1656795 19923.285960009067 3530439.234451684
1330.6491473947992 2356083489.108964 19953.737210921987 3541236.3069250123
1332.7543078424987 2367283552.3071985 19985.31461763748 3552450.0901454757
1335.3844345238556 2381326390.4132133 20024.766517857835 3566485.1759371953
1337.0676888737894 2390342743.9751368 20050.01533310684 3575482.009260593
1339.570282348096 2403789916.19556 20087.55423522144 3588879.0827003154
1342.4792938830376 2419484163.059711 20131.189408245566 3604483.3090093983
1343.553976480967 2425299358.0073433 20147.309647214508 3610256.575435638
1345.390812162382 2435260185.2581296 20174.86218243573 3620134.8749019075
1348.17317728035 2450400333.6727514 20216.59765920525 3635123.8318763883
1350.5972750309243 2463642023.2313724 20252.959125463865 3648207.998641916
1351.6054870411915 2469163420.7699895 20268.082305617874 3653656.785199713
1353.457502027898 2479327325.6667247 20295.86253041847 3663676.4195911954
1356.427842982856 2495686808.6089363 20340.41764474284 3679774.986438247
1359.3344772262349 2511764931.054053 20384.017158393523 3695562.4419518425
1362.016716246375 2526662934.2593884 20424.250743695622 3710161.0706691165
1364.5053135115013 2540537967.2881303 20461.57970267252 3723731.501202241
1367.2441358111373 2555866726.157895 20502.662037167058 3738695.0538198873
1369.0824878197993 2566190200.3101053 20530.23731729699 3748755.716909702
1371.1817062002765 2578012551.0774913 20561.725593004147 3760260.542836603
1373.6271882015058 2591830706.5186634 20598.407823022586 3773685.30433275
1376.222184336331 2606547592.2632737 20637.33276504497 3787957.001318925
1377.937347181497 2616305233.923426 20663.060207722454 3797404.6655151625
1380.0612438464832 2628421890.8723054 20694.91865769725 3809120.0735342046
1382.0592031039048 2639854179.8190355 20724.88804655857 3820157.2817684007
1383.498794217101 2648112011.014275 20746.481913256517 3828119.8272003448
1386.319000985846 2664339255.010734 20788.785014787692 3843742.7449887884
1388.3052384371435 2675807602.8293605 20818.578576557153 3854764.8701440278
1390.7064299503122 2689715738.283989 20854.596449254685 3868110.748610285
1393.2790015986498 2704669924.44228 20893.185023979746 3882434.7525914605
1394.6556879557247 2712695228.5563297 20913.83531933587 3890110.9758945117
1397.2188099029456 2727679044.7938585 20952.282148544185 3904422.805493207
1399.8629282369902 2743194073.9433336 20991.943923554853 3919214.435704482
1401.1100149955655 2750532041.501431 21010.65022493348 3926200.5482417475
1403.7906821171114 2766349593.255788 21050.86023175667 3941238.55839765
1405.9735066537492 2779274276.9586973 21083.602599806236 3953505.00282448
1408.733941044589 2795676599.832198 21125.009115668836 3969044.6333020395
1411.684544253614 2813280112.497961 21169.26816380421 3985688.5049690674
1412.939545518329 2820789884.8601937 21188.093182774934 3992778.318579084
1414.0793531250995 2827621922.674762 21205.19029687649 3999222.8338693995
1415.859892202624 2838316584.446991 21231.89838303936 4009300.468696052
1418.8402699886626 2856278266.24357 21276.60404982994 4026197.423483002
1420.5181860003436 2866423731.773694 21301.772790005154 4035725.8335154136
1421.835644573502 2874406518.79706 21321.53466860253 4043215.200359491
1423.7480644732436 2886020665.690187 21350.220967098656 4054099.102182615
1424.8968915848243 2893012523.8712063 21367.453373772365 4060644.303296189
1427.1862946713054 2906979680.306761 21401.794420069582 4073703.4393952205
1429.427499873106 2920696266.3588386 21435.41249809659 4086507.954786957
1431.2409016833215 2931826144.3681355 21462.61352524982 4096883.037302574
1432.812013273463 2941491779.8904886 21486.180199101946 4105882.5307615087
1435.1978267185134 2956210129.6589766 21521.9674007777 4119567.603635088
1436.3000588718467 2963026471.497401 21538.5008830777 4125897.7182305404
1438.8794955233486 2979018965.235639 21577.19243285023 4140730.4052750524
1440.5702269323933 2989532649.5722656 21602.5534039859 4150467.1574480943
1443.4196736133044 3007307641.4080057 21645.295104199566 4166902.7083478766
1446.1390710247667 3024336954.395326 21686.086065371503 4182618.4254887505
1447.7954106480395 3034740660.8795495 21710.931159720592 4192205.1021870505
1450.1382539270578 3049497096.7941046 21746.07380890587 4205783.911005232
1452.7417109199623 3065951038.0946884 21785.125663799434 4220898.957293319
1454.7897455820016 3078936203.3761234 21815.846183730024 4232808.40770109
1457.4174149516612 3095650058.393127 21855.261224274916 4248113.042808765
1460.1387446333026 3113023305.4990354 21896.08116949954 4263992.307158634
1462.2824442985768 3126754581.528707 21928.236664478653 4276521.893807641
1465.1811317752185 3145385994.8330727 21971.71697662828 4293493.497820221
1467.9973952297946 3163558369.0029593 22013.96092844692 4310014.704802924
1469.5436517715473 3173565526.6432147 22037.15477657321 4319099.088924109
1470.736382946901 3181299118.4950995 22055.045744203515 4326113.016247466
1471.9599156004554 3189245469.3886347 22073.39873400683 4333313.986268999
1474.4028791180701 3205151096.179412 22110.04318677105 4347709.699903309
1476.3760357133904 3218036446.326032 22139.640535700855 4359354.397657572
1477.6078194839793 3226097874.7264433 22158.11729225969 4366631.736400399
1478.724783161951 3233419490.2703323 22174.871747429268 4373235.968674718
1481.7246280450458 3253138064.0172467 22219.869420675688 4390997.746710459
1484.037666251641 3268396739.5023346 22254.564993774613 4404717.589707234
1485.9540726994771 3281074992.959322 22283.311090492156 4416101.012344326
1487.326699118596 3290175917.057823 22303.90048677894 4424263.419822037
1488.6712990840851 3299107319.488157 22324.069486261276 4432266.473433396
1490.966160637962 3314388070.193608 22358.49240956943 4445942.18433501
1493.3790153942057 3330505309.1310673 22394.685230913085 4460343.767239534
1494.8330833893547 3340243288.559507 22416.49625084032 4469033.894390651
1495.932338363723 3347617650.072467 22432.985075455843 4475609.121924712
1497.288730450112 3356731967.0293365 22453.33095675168 4483729.084665817
1499.2577688480462 3369992395.3972845 22482.866532720695 4495529.714902443
1500.3442607114064 3377324270.1622615 22499.163910671097 4502047.801299313
1502.8022969088204 3393950841.046448 22536.034453632306 4516811.487188852
1505.1016540146504 3409553395.310579 22570.524810219755 4530643.977835273
1507.1172483829148 3423269712.6209383 22600.758725743723 4542786.800746577
1509.5802078916706 3440080271.268543 22637.70311837506 4557646.808116519
1512.4907918821461 3460016860.484654 22681.361878232194 4575238.791056563
1514.7574113662768 3475595732.9650307 22715.36117049415 4588962.030578127
1517.3443207580879 3493433074.311925 22754.164811371316 4604649.575473646
1520.2003937657953 3513197129.3964634 22797.00590648693 4622000.474411358
1522.1570044322636 3526779832.3233624 22826.355066483953 4633905.8922844045
1523.8948156633246 3538872955.7344627 22852.42223494987 4644492.8184111165
1526.1466701666877 3554584293.3769674 22886.200052500317 4658229.317721738
1528.1485784804108 3568590726.1740913 22916.228677206163 4670458.1558234
1529.783546498036 3580057104.0328403 22940.75319747054 4680457.398272217
1531.0651825625032 3589062643.6680236 22959.97773843755 4688303.186510302
1533.6519724264224 3607284948.8479867 22998.779586396337 4704158.745054912
1536.0715380405236 3624384994.821253 23035.073070607854 4719013.539956359
1538.4216840720726 3641046079.699267 23070.32526108109 4733464.556046304
1539.44175408999 3648293608.595341 23085.62631134985 4739743.82847133
1541.7437674376351 3664684587.016533 23120.156511564528 4753929.688865585
1544.0332737290296 3681035133.4497776 23154.499105935443 4768059.500764769
1545.9739411707583 3694932465.2753386 23183.609117561373 4780052.853558094
1547.7702510620152 3707827169.2221704 23210.553765930228 4791167.500145147
1550.6069314864922 3728251148.813571 23253.103972297384 4808745.71194791
1552.686348521945 3743270409.9358416 23284.295227829178 4821651.793772822
1554.817591081742 3758705799.238826 23316.26386622613 4834897.483074462
1556.070963685105 3767803054.705781 23335.064455276573 4842695.6880477825
1557.8105166899009 3780453421.911535 23361.157750348513 4853529.211819312
1560.2714008838714 3798397765.314457 23398.07101325807 4868875.688832236
1562.325559261752 3813419743.132467 23428.88338892628 4881704.306245092
1564.761094784008 3831281972.0738726 23465.41642176012 4896936.567499295
1566.3093993099192 3842666194.5216756 23488.64098964879 4906632.2687332
1568.3255083639247 3857523815.477317 23518.88262545887 4919271.800369926
1569.8029959305454 3868436373.7979007 23541.04493895818 4928544.892065032
1572.1437789715537 3885767235.3760962 23576.156684573307 4943254.123517916
1573.9982942720737 3899534523.3137393 23603.974414081105 4954923.260742796
1575.2368368900127 3908747127.577489 23622.55255335019 4962724.1845905045
1576.7382998324297 3919934844.785862 23645.074497486446 4972189.332316922
1578.089351492716 3930020044.9626637 23665.340272390742 4980714.002589403
1579.1261690147423 3937771300.6899686 23680.892535221134 4987260.915334353
1580.2383258987556 3946097116.5628667 23697.574888481337 4994288.333278604
1581.7431819129238 3957381423.6375265 23720.147728693857 5003804.987056041
1584.5255543297392 3978301929.4155803 23761.883314946088 5021424.464647935
1586.1946741779802 3990887261.2720156 23786.920112669704 5032009.088781178
1587.6147189012836 4001615415.2212286 23808.220783519253 5041022.991344003
1588.9821794884817 4011964461.3625636 23828.732692327227 5049710.733463931
1591.1949696346207 4028748798.2392936 23861.924544519312 5063784.862781043
1592.3759504331967 4037725838.603067 23879.63925649795 5071304.335036053
1594.4544976033114 4053557960.519624 23910.817464049673 5084552.289854856
1596.186316982474 4066780648.013674 23936.794754737108 5095603.517044149
1599.1622366186573 4089569322.5112247 23981.43354927986 5114621.718054373
1601.097708383987 4104436162.5374613 24010.465625759807 5127009.7435849095
1602.47933614189 4115070799.9274426 24031.19004212835 5135862.045523505
1604.6155376055501 4131549659.435751 24063.23306408325 5149564.047050297
1607.4979721595112 4153854678.7331634 24106.469582392667 5168081.460993881
1610.3872255424365 4176292883.271399 24149.808383136547 5186676.0323805325
1612.1291163145393 4189859528.896562 24175.93674471809 5197902.575338194
1615.0170922282314 4212417094.54638 24219.25638342347 5216542.416378663
1616.7564446553752 4226041913.3015747 24245.34666983063 5227784.802669378
1619.5375497512953 4247888052.9637284 24287.06324626943 5245785.750108859
1621.5680713225138 4263885669.9917526 24317.521069837705 5258948.019865234
1622.6577599624218 4272487401.033493 24333.866399436327 5266018.411932529
1624.8170458352765 4289566425.1473107 24366.25568752915 5280042.86487375
1626.3055507550766 4301366323.36916 24388.58326132615 5289721.488833547
1628.7116586085247 4320486108.669663 24424.67487912787 5305385.333774663
1631.0984578358748 4339508356.518845 24460.47686753812 5320946.358309138
1634.0685135382319 4363256888.408274 24505.02770307348 5340341.813874093
1636.801495242855 4385186182.822254 24546.022428642824 5358220.269658492
1638.458101707287 4398514401.445668 24570.871525609306 5369071.902100492
1640.9317771539359 4418466572.895285 24607.97665730904 5385296.194547148
1643.3556250999325 4438075282.872883 24644.334376498988 5401217.421095179
1646.2403335781273 4461487817.059564 24687.60500367191 5420196.471798847
1648.2771313792305 4478068135.393522 24718.15697068846 5433617.0036554895
1650.3049586385325 4494616187.057443 24748.57437957799 5446994.913013857
1652.8907619742774 4515776664.280297 24787.36142961416 5464077.742039815
1654.523474607804 4529171834.439285 24811.85211911706 5474877.856056562
1656.6111713975276 4546338360.904532 24843.167570962916 5488703.146398177
1657.7914463634504 4556062586.016334 24860.871695451755 5496526.959271641
1659.9483525078556 4573869030.795771 24893.225287617835 5510839.065987088
1662.5650067857111 4595533156.685821 24932.47510178567 5528226.803576743
1663.9513712489927 4607038988.942297 24953.27056873489 5537450.3317628065
1665.145727141622 4616966673.354462 24971.18590712433 5545402.585236003
1668.061582280747 4641263635.075696 25014.923734211203 5564840.884561898
1669.5340195806268 4653565346.384183 25037.0102937094 5574669.68507409
1672.1336307020683 4675337242.131757 25076.004460531025 5592043.757849762
1674.8144354920214 4697860151.757305 25116.21653238032 5609988.786664916
1676.985582036358 4716154066.874016 25148.78373054537 5624543.284715645
1679.2140788513982 4734980538.032259 25182.211182770974 5639501.8452255
1681.3343452742026 4752939121.287147 25214.01517911304 5653752.361197263
1683.4627137764992 4771011940.156609 25245.94070664749 5668075.41735147
1686.148476064284 4793883116.906889 25286.22714096426 5686175.3666678155
1688.0793263724674 4810370765.236893 25315.189895587013 5699205.624252247
1690.8702014360383 4834268963.883602 25357.053021540574 5718066.076208698
1692.908384339373 4851771796.742489 25387.625765090594 5731859.5955330925
1694.5211161574434 4865650982.276595 25411.81674236165 5742785.626206935
1695.8859069929315 4877417042.377041 25432.288604893973 5752040.019074475
1698.7637074784475 4902289113.88648 25475.455612176713 5771578.26769184
1699.9682723631201 4912724903.522099 25493.524085446803 5779766.254082503
1701.149870959112 4922976102.972299 25511.24806438668 5787803.766928406
1702.3180054407485 4933124499.687318 25528.770081611226 5795755.183295537
1704.7048643324863 4953904147.225123 25564.572964987296 5812019.348957681
1707.651503329737 4979637540.896276 25608.772549946054 5832129.313648621
1709.4940499806612 4995773944.721053 25636.410749709918 5844721.813838567
1711.8734401585896 5016663367.839837 25672.101602378843 5861003.350240808
1713.8092316101277 5033701192.285616 25701.138474151914 5874266.164704192
1715.8322277343023 5051547723.072317 25731.483416014533 5888142.467463317
1718.189525640038 5072396562.563887 25766.84288460057 5904332.492038278
1719.6576106856714 5085409808.226417 25788.864160285073 5914426.595978305
1722.1762447227118 5107787032.441836 25826.643670840676 5931764.035774443
1723.555882623599 5120072436.016978 25847.338239353987 5941271.761052826
1725.2062150665488 5134794178.19605 25872.093225998233 5952654.969008494
1727.4498936767689 5154854071.561483 25905.74840515153 5968148.27032776
1728.7794534831207 5166765785.889028 25925.691802246813 5977338.797570795
1729.8399910612197 5176280437.616122 25941.599865918295 5984674.789349361
1731.5909033401601 5192014360.598971 25967.863550102404 5996796.113060784
1733.377194504568 5208099026.064289 25994.657917568522 6009174.9968570545
1735.2913367402134 5225371761.22644 26023.3700511032 6022454.046731274
1736.775807397265 5238793510.992693 26045.637110958975 6032762.410320844
1738.9489995585923 5258483715.051908 26078.234993378883 6047869.246131658
1741.7953746960322 5284347838.069241 26120.930620440482 6067684.254624982
1743.5154127968956 5300018321.219193 26146.731191953433 6079673.989320658
1745.0691370328066 5314200199.003225 26170.0370554921 6090514.586048848
1747.9969523648524 5340993032.864554 26213.954285472784 6110968.690953624
1750.9060138312486 5367703289.338886 26257.59020746873 6131325.7385408655
1753.3983327082638 5390657828.49566 26294.974990623956 6148793.426288239
1756.1611968614156 5416180498.865942 26336.417952921234 6168186.29872344
1757.2864326895733 5426598197.719511 26353.2964903436 6176093.213029693
1758.587248028129 5438658090.839877 26372.808720421934 6185240.217854296
1760.8911982183527 5460061898.068244 26407.36797327529 6201457.6239257315
1763.4574647789104 5483968664.479252 26445.861971683655 6219546.460168924
1766.3504894753041 5511002997.326717 26489.25734212956 6239970.103339293
1768.6276722688956 5532344878.004049 26523.415084033433 6256069.686230584
1770.2101200208554 5547208066.488037 26547.15180031283 6267269.738048502
1772.9362454493894 5572875672.783397 26588.04368174084 6286587.860856355
1774.4116108634491 5586799814.750719 26610.17416295174 6297055.129534041
1776.9683330055323 5610984427.985566 26648.524995082982 6315214.91300892
1779.3145298775498 5633238955.172008 26683.71794816325 6331902.392466732
1780.703537964127 5646441889.521509 26704.553069461905 6341792.180235919
1782.5289710379789 5663824521.693412 26731.93456556968 6354801.065179432
1784.2013310009586 5679780799.901609 26757.01996501438 6366730.779091184
1785.392699591902 5691166115.642635 26774.89049387853 6375236.18351212
1786.6358146157368 5703062156.037379 26793.537219236052 6384117.068135275
1789.5191813896536 5730718445.632306 26836.787720844804 6404739.801122991
1790.5667618430778 5740788586.992229 26852.501427646166 6412240.65723441
1793.3360700058272 5767466084.525107 26894.04105008741 6432090.51996789
1794.865680851865 5782236610.191963 26916.985212777974 6443067.624599657
1797.7990207885825 5810632607.674039 26960.98531182874 6464144.638296773
1800.2121140242934 5834061968.284416 26997.181710364403 6481509.310959632
1803.1723455838053 5862889552.393481 27041.58518375708 6502843.015756404
1804.2551520604334 5873457906.195463 27057.827280906502 6510655.307473235
1805.9265328659944 5889795753.095556 27082.897992989918 6522723.2842187835
1808.8862308999496 5918801254.587498 27127.293463499245 6544120.792678852
1810.9208390789643 5938795864.839834 27157.812586184464 6558850.57082092
1812.5135517677502 5954479240.14717 27181.70327651625 6570392.750683489
1814.3871842888393 5972964138.093723 27209.80776433259 6583983.7090231655
1816.1719057944933 5990607395.669622 27236.5785869174 6596942.782794404
1817.9103164126157 6007826206.735386 27262.654746189233 6609577.837038833
1820.4952371569493 6033490586.916234 27301.42855735424 6628387.817022274
1822.288341611489 6051336288.574633 27328.325124172334 6641451.599946301
1825.1158386643776 6079548120.9229965 27370.737579965666 6662077.649087149
1827.6087362871922 6104494046.783319 27408.131044307884 6680289.385906535
1830.5137296311211 6133649713.531122 27451.705944466816 6701543.028736074
1831.886452865143 6147459147.000784 27472.296792977144 6711597.952381671
1834.6730207978826 6175555402.902761 27514.095311968238 6732032.186487256
1837.1334214975293 6200434048.253805 27551.00132246294 6750100.416766438
1838.3054746055902 6212308866.826414 27568.582119083854 6758716.035929768
1839.3618106998842 6223024263.8730755 27584.427160498264 6766485.741322313
1842.0229743850875 6250073521.701331 27624.344615776314 6786079.27632497
1844.852077737242 6278915629.866622 27666.78116605863 6806940.377462839
1846.3157592464202 6293872318.700212 27688.736388696303 6817745.76568337
1847.6923649157743 6307960876.231376 27709.385473736613 6827916.1507360935
1849.5222983426004 6326721441.627386 27736.834475139007 6841447.46413299
1851.7770055881701 6349887912.994049 27770.655083822552 6858138.15685018
1854.090531191639 6373717439.526879 27805.357967874585 6875285.395708988
1855.453179338141 6387780699.281616 27825.797690072115 6885395.00143203
1857.2440575530738 6406294961.920598 27852.660863296107 6898692.978632411
1859.0161484029027 6424650178.330639 27879.24222604354 6911864.080045526
1861.5366348907185 6450817582.589236 27917.049523360776 6930619.28608052
1863.3298386917456 6469477613.802039 27943.947580376185 6943978.175518014
1865.7736052968608 6494965270.726541 27980.60407945291 6962204.292444892
1868.5301812672365 6523795666.104321 28021.952719008546 6982792.076613143
1870.738122446517 6546949455.018649 28055.071836697756 6999304.245549439
1872.1000349185902 6561258563.504674 28075.500523778854 7009499.081484373
1873.6671529395069 6577749470.998322 28099.007294092604 7021239.200008875
1875.905536586933 6601352046.413217 28132.583048803997 7038025.1643950185
1877.438354103835 6617547326.271681 28155.575311557528 7049531.546920234
1878.4592058249902 6628348014.16895 28170.888087374853 7057199.975897307
1880.4548144907342 6649495632.771319 28200.822217361012 7072202.618682763
1883.4206694969691 6681008053.361563 28245.310042454537 7094528.836576823
1885.6876070120616 6705161443.304645 28279.31410518092 7111617.50247775
1887.3879901074715 6723316561.685508 28304.819851612072 7124448.8504038425
1890.1460125954472 6752833812.662278 28346.19018893171 7145285.897860937
1893.025875409873 6783747107.437218 28389.388131148095 7167075.929942631
1894.0868020992316 6795159142.657994 28405.302031488474 7175111.627772988
1895.63174549675 6811800462.76652 28428.47618245125 7186821.42907011
1898.2983253118969 6840587340.671751 28468.47487967845 7207055.063763904
1900.3830111601126 6863148824.096234 28499.74516740169 7222893.1782119535
1901.6852376301547 6877267293.468153 28519.27856445232 7232795.486040915
1904.2456106736422 6905082760.820524 28557.684160104633 7252284.691539665
1906.6946372743398 6931758662.28142 28594.419559115096 7270950.879621453
1909.037365805786 6957340928.484337 28629.56048708679 7288829.328085389
1910.1169688715838 6969151197.819113 28645.754533073756 7297075.669542334
1912.0417096825831 6990239954.7445135 28674.625645238746 7311788.999131791
1913.332558186395 7004407167.630065 28693.988372795928 7321664.95643219
1915.6753402638326 7030168346.610404 28729.13010395749 7339606.018589902
1916.903031629619 7043693200.08198 28747.545474444283 7349016.465341647
1918.5617570820043 7061994072.752136 28772.426356230066 7361740.431475176
1920.8774156409688 7087595927.11536 28807.161234614534 7379522.091839055
1922.3392756804412 7103790027.339829 28829.089135206617 7390758.581647207
1925.2106841529878 7135670507.742214 28872.160262294816 7412854.356753631
1928.0795876324473 7167618291.259259 28915.19381448671 7434963.792489816
1930.3542990242495 7193016889.156709 28949.314485363742 7452517.439522803
1932.7277287510797 7219581628.289334 28984.915931266194 7470854.946966614
1934.9841681849553 7244897519.82194 29018.76252277433 7488309.462252846
1937.385171574752 7271900247.584947 29054.77757362128 7506904.606075462
1939.242576287219 7292835395.788967 29082.638644308285 7521305.539370181
1941.9405363839583 7323316108.77752 29123.108045759374 7542248.093702431
1943.1974147078688 7337544880.214187 29141.96122061803 7552014.38505469
1945.2148139853389 7360421811.296929 29172.222209780084 7567703.345096033
1946.9622158539905 7380275410.896551 29198.43323780986 7581305.739926161
1949.4193764889126 7408253486.274949 29235.290647333688 7600453.810860842
1950.8764912247689 7424878045.505576 29257.147368371534 7611820.168026932
1952.7293341592472 7446053454.953119 29284.940012388706 7626285.704972033
1953.9920153880853 7460507182.850209 29303.88023082128 7636151.592400783
1956.78789431663 7492577735.901778 29345.81841474945 7658019.726688221
1958.804763331417 7515769511.847692 29376.071449971256 7673814.201699697
1960.740782921545 7538076579.125633 29405.111743823174 7688990.835623586
1962.1685376652624 7554555601.109247 29426.528064978935 7700192.740406869
1964.1891738396478 7577918630.347186 29456.837607594716 7716060.221257756
1966.9268759501833 7609649301.18266 29497.90313925275 7737584.670670296
1969.8859018036985 7644044642.867169 29542.288527055476 7760882.932249941
1972.867403992009 7678805917.0869875 29587.011059880137 7784393.587468338
1975.0285437831574 7704068372.609938 29619.42815674736 7801457.497516438
1976.9670967061088 7726776005.985916 29648.50645059163 7816779.802917162
1979.589434869778 7757564239.58976 29687.84152304667 7837530.661296094
1981.487296351568 7779897509.719634 29716.30944527352 7852565.811205293
1983.7566743348834 7806658857.060108 29750.35011502325 7870563.085936394
1985.5066414096752 7827336974.13762 29776.599621145127 7884455.246163857
1987.2296442569564 7847732117.383326 29802.444663854345 7898145.318027259
1988.7580520423303 7865853469.098208 29825.370780634956 7910299.179126408
1990.2720739102326 7883831738.620426 29848.08110865349 7922347.856373877
1993.1393987614688 7917954846.320004 29891.090981422032 7945191.325790458
1995.2624070804004 7943283424.350574 29922.936106206005 7962126.146216547
1997.3744269178271 7968534443.718245 29954.616403767406 7978991.202610637
2000.0865430279741 8001038538.274511 29995.298145419612 8000674.359203184
2001.723173142489 8020695875.780604 30019.847597137334 8013773.32379127
2003.4137560200747 8041035011.404876 30045.20634030112 8027315.355620927
2005.100224868759 8061358881.855926 30070.503373031384 8040835.823537495
2006.365489232662 8076629222.437113 30089.48233848993 8050986.952767638
2008.8266687518342 8106388150.196017 30126.400031277513 8070751.170177182
2011.327875373033 8136705859.64078 30163.918130595495 8090861.644505198
2013.9121451358271 8168109697.988445 30202.682177037408 8111666.256651178