85.94327192881177 634775.147637028 1283.1490789321765 14754.49197965937
169.88851112836215 4903317.2526251525 2542.3276669254324 57706.212426823266
189.75543849231872 6832525.065979505 2840.3315773847808 71996.2528748243
286.50113595565006 23516821.351496067 4291.517039334751 164147.80180775575
316.28726098285017 31640605.44970582 4738.308914742753 200057.26292006715
334.71896681939 37500814.506269075 5014.7845022908505 224055.5734972798
434.14251523767234 81827038.24760765 6506.137728565085 376941.4470737851
496.1304947253274 122120249.71222417 7435.957420879911 492272.9355927963
536.9297574642317 154793370.63895878 8047.946361963475 576569.1289011973
578.9549368945056 194059198.52555856 8678.324053417584 670359.637909042
668.1641347234457 298297385.5511021 10016.462020851686 892868.6218614619
746.2335781273292 415551005.0105336 11187.503671909939 1113711.1062494335
806.5420037217147 524663618.8796099 12092.130055825719 1301002.0075348767
884.9393432588066 693011588.1397961 13268.0901488821 1566217.2824946558
975.3683267017733 927910170.5814244 14624.5249005266 1902668.7454660344
1033.5089067849312 1103932863.226449 15496.633601773969 2136263.3208075673
1068.0348403896005 1218305632.2428694 16014.522605844008 2281378.8405720787
1146.8681350480954 1508483111.678542 17197.02202572143 2630595.0383773926
1208.4334923983115 1764689309.6411986 18120.502385974673 2920605.01109996
1281.265198603753 2103376829.996032 19212.977979056297 3283263.0183062297
1348.0123726976574 2449523617.054284 20214.185590464862 3634256.713891936
1443.7151836624134 3009155069.9935656 21649.7277549362 4168609.0630747923
1520.5208906134465 3515419611.4125137 22801.813359201697 4623949.557583816
1533.7850822191426 3608224288.3582606 23000.77623328714 4704975.356875964
1613.6105734962362 4201420891.7909803 24198.158602443542 5207460.165797704
1663.275485918817 4601427228.599597 24943.132288782253 5532952.684116953
1678.0435583450314 4725085678.156754 25164.653375175472 5631642.36740651
1706.3075748187173 4967889807.678775 25588.613622280758 5822953.079767465
1795.327865316533 5786704601.638911 26923.917979747996 6446386.287964039
1892.608470163904 6779260722.906879 28383.12705245856 7163915.642672307
1961.725599224968 7549440676.919204 29419.88398837452 7696716.653309119
2053.2041530733372 8655584509.33889 30792.06229610006 8431276.5883952
2087.925782865037 9102174780.376293 31312.886742975556 8718850.149505155
2144.242458644893 9858745894.271526 32157.63687967339 9195533.44291099
2157.2256951228974 10038914440.196722 32352.38542684346 9307227.399396935
2190.5629253291672 10511560597.626005 32852.443879937506 9597113.859653357
2219.540863503271 10934260955.941881 33287.11295254906 9852705.28952169
2250.061121199051 11391553280.42747 33744.916817985766 10125532.098263059
2322.7700680711027 12531950247.421955 34835.55102106654 10790503.57825407
2335.908634517927 12745813375.698593 35032.62951776891 10912920.297630813
2361.15791221664 13163612794.783644 35411.3686832496 11150115.372846484
2457.9157131059064 14849128216.819145 36862.7356965886 12082681.305465832
2556.0313585873287 16699310210.2878 38334.47037880993 13066574.61216357
2608.545297510437 17749868806.961742 39122.17946265656 13608999.13832763
2693.84305859657 19548654489.3224 40401.64587894855 14513562.848697845
2769.475822421608 21241869373.705574 41536.13733632412 15339974.661955684
2804.74799004213 22063862174.466076 42065.21985063195 15733204.575290736
2869.5372536518285 23628470034.41046 43037.05880477743 16468470.100191357
2889.933588517636 24135904989.213055 43343.00382776454 16703414.292084843
2912.048361477842 24694244804.286835 43674.72542216763 16960033.319171567
2941.6442590493057 25454844779.645714 44118.66388573959 17306523.893595476
3036.08144416303 27985962778.289646 45535.22166244545 18435563.07118214
3053.4450617311845 28468876674.471107 45795.67592596777 18647035.490021113
3072.8076307583674 29013900517.035854 46086.11446137551 18884275.471293703
3088.083697438217 29448771865.930202 46315.25546157325 19072503.844767377
3149.748422040398 31248386728.176014 47240.22633060597 19841812.244291954
3165.7902558304627 31728271543.545555 47480.85383745694 20044437.887822215
3228.4967831744925 33651240137.26012 48421.451747617386 20846364.957936093
3261.654405835528 34698749840.33496 48918.81608753292 21276760.926212624
3317.6668241195753 36517270590.17419 49759.00236179363 22013808.311727338
3417.2640651737665 39905762991.797905 51252.9609776065 23355369.382255875
3502.8214983373036 42978773652.312546 52536.322475059555 24539498.898427986
3588.537735400374 46211764565.319305 53822.06603100561 25755188.15678489
3602.6406888931224 46758745290.54732 54033.610333396835 25958021.866536625
3623.4482514281117 47573618946.20058 54345.723771421675 26258736.46155488
3671.3285048280745 49484562907.20638 55063.92757242112 26957287.98072629
3694.512768361874 50427973426.19586 55411.691525428105 27298831.191177834
3787.8138828488 54345788488.89787 56811.208242732 28695050.022204205
3857.785015149128 57413505614.58914 57860.77522723692 29764992.446218316
3880.5609210833254 58436408630.56879 58202.41381624988 30117488.124478135
3962.7201570495863 62227193144.63548 59434.80235574379 31406284.086174197
3982.0326530504976 63141435429.78195 59724.489795757465 31713150.09992077
4011.8033857076593 64568235974.3843 60171.05078561489 32189114.81115088
4076.4163863284452 67738506320.70393 61140.245794926675 33234323.10945412
4139.215836431772 70917630864.04907 62082.23754647658 34266197.481135145
4194.932977309547 73820176507.58556 62917.994659643206 35194907.36823828
4236.3535346249055 76028528974.8799 63539.30301937358 35893364.54065786
4287.288161272581 78803956750.55878 64303.32241908872 36761661.55557606
4332.2064501489285 81306905768.13882 64977.09675223393 37536007.45342396
4425.111787787817 86650832392.15102 66370.67681681726 39163210.668837376
4465.484422173016 89044220393.75795 66976.26633259525 39881084.24933975
4521.525266379926 92438924933.78664 67816.87899569888 40888363.469024114
4538.5258596616095 93485540398.28247 68071.88789492415 41196415.9576343
4559.7502712408295 94803238550.35008 68390.25406861244 41582627.07216164
4577.595671382932 95920688914.83026 68657.93507074397 41908746.26132751
4593.985078799707 96954671835.6131 68903.77618199559 42209379.80846869
4646.30264978346 100304977763.34514 69688.53974675189 43176238.6267696
4668.38889966598 101742190359.57077 70019.8334949897 43587691.837049074
4723.099196060463 105361319402.3378 70840.48794090695 44615314.03165399
4741.379463104074 106589430714.8367 71114.6919465611 44961340.42629015
4791.391741134974 109998063556.89706 71864.87611702461 45914851.634032875
4869.628928921595 115474903021.67622 73038.43393382392 47426553.81078015
4941.055253455956 120631056430.84544 74109.82880183934 48828036.0354094
4966.143191089032 122477894751.82019 74486.14786633548 49325138.38879991
5000.87511074395 125065644770.74864 75007.12666115926 50017485.74651663
5040.012891315653 128025046359.64383 75594.1933697348 50803441.88925594
5052.70241044731 128994490304.82008 75784.53615670966 51059585.29708012
5108.9842894608455 133353279785.91264 76628.76434191268 52203422.93991548
5123.3411031088835 134480654517.52814 76844.11654663325 52497230.1176099
5215.51326362749 141870193972.9396 78226.69895441235 54403139.20614855
5244.738677412347 144268515203.75916 78665.08016118521 55014549.58869003
5327.471188401103 151204016947.5936 79906.06782601654 56763880.52648772
5408.586670610857 158216356995.91815 81122.80005916287 58505601.54701888
5502.95129907086 166642974111.12924 82538.2694860629 60564927.99989133
5555.850150717539 171495042813.63397 83331.75226076308 61734923.7944562
5570.931893955675 172895443239.56976 83557.97840933513 62070546.33418513
5584.425292853825 174154802951.95294 83760.37939280739 62371593.70293107
5615.506782088648 177078921497.54984 84226.60173132972 63067814.8393672
5704.923371114086 185673295575.7019 85567.85056671129 65092283.34056742
5736.656702364776 188788955519.0758 86043.85053547163 65818442.24157341
5754.192004916957 190525472670.98145 86306.88007375435 66221433.25890045
5842.661085505828 199449101815.03558 87633.91628258742 68273359.12016828
5914.83375467097 206931986954.22708 88716.50632006455 69970498.69079016
6003.938468766507 216425633872.5265 90053.07703149761 72094536.27346861
6016.861556490789 217826170489.52075 90246.92334736182 72405227.97995351
6107.364770792441 227804122329.25775 91604.47156188662 74599790.88703321
6193.939919006488 237629834291.4929 92903.09878509732 76729765.44052419
6261.344169059976 245472434189.3176 93914.16253589964 78408843.60684271
6297.518086898085 249751594990.6377 94456.77130347128 79317450.10961704
6308.504436607976 251060990809.85294 94621.56654911963 79594438.45340502
6376.155621950997 259224905489.3125 95636.33432926495 81310703.0306746
6392.740829189445 261253004440.0414 95885.11243784169 81734252.61837152
6474.652836800932 271424759090.8098 97113.79255201398 83842240.71418871
6486.468710870555 272913476970.13815 97291.03066305832 84148534.67420544
6528.106181633464 278202884871.9263 97915.59272450196 85232322.6373621
6589.141561040367 286079352426.27686 98831.12341560551 86833555.02285898
6640.486252315658 292819264697.3153 99601.29378473487 88192097.33438651
6728.739242741913 304649939009.9355 100925.08864112869 90551845.59363002
6797.268507441395 314053239514.3431 101953.02761162093 92405700.32450913
6812.458165487793 316163364827.1486 102180.87248231689 92819154.51304261
6884.427422110247 326289784757.8458 103260.4113316537 94790663.86060707
6928.992736681209 332667456908.6078 103928.89105021814 96021862.6899619
7020.168040106893 345973251822.73724 105296.5206016034 98565500.62267652
7055.7782935273335 351264918242.55566 105830.67440291001 99567996.65482298
7111.553989881263 359661154845.87 106667.30984821895 101148382.30199222
7148.9313671681275 365362005925.32544 107227.97050752191 102214421.38496071
7165.3137597559835 367879541883.6767 107473.70639633975 102683424.55149685
7189.214755537455 371573190047.9885 107832.22133306183 103369599.60247494
7199.411511194237 373156485678.216 107985.17266791356 103663034.21503219
7284.638039838995 386566247957.8516 109263.57059758493 106131884.74293862
7296.888141821636 388519719252.0737 109447.32212732454 106489135.10851441
7348.042205730251 396748164663.41614 110214.63308595377 107987430.51438619
7377.654622108964 401564174952.92847 110658.81933163446 108859557.44625151
7475.323725838543 417724564352.81024 112123.85588757815 111760911.61216928
7565.922767532943 433097534239.87286 113482.84151299414 114486356.6485467
7650.075286727002 447710343009.52606 114745.12930090503 117047285.78518245
7744.553860822194 464503738217.4069 116162.30791233291 119956211.0063519
7768.372727230538 468802765169.409 116519.59090845806 120695211.65835844
7786.943423485061 472172900501.7369 116798.15135227592 121272957.7611145
7797.953730643236 474178612866.34296 116963.30595964854 121616146.77050552
7841.032139541764 482080652262.8933 117609.48209312645 122963552.02665378
7925.019653478966 497738281158.27295 118869.29480218448 125611855.01605573
7987.281991288047 509562022193.0901 119803.2298693207 127593329.21670869
8031.666777110944 518104119771.8054 120469.00165666416 129015324.4370954
8126.2068150471505 536615994552.36115 121887.10222570726 132070456.40183751
8187.487393413251 548847806524.24115 122806.31090119877 134069881.63460183
8260.537813568462 563670064331.6787 123902.06720352694 136472951.93878886
8306.622316770237 573156726465.8043 124593.33475155356 137999930.62693068
8317.491419747994 575409575196.9572 124756.3712962199 138361309.035163
8388.78447292712 590333065654.2311 125825.7670939068 140743391.8664463
8479.623042314304 609718874058.0122 127188.34563471457 143807995.87949538
8532.249911650124 621141723317.3411 127977.74867475186 145598559.1097071
8562.966714856257 627874387656.0614 128438.50072284385 146648779.9194723
8598.498124440739 635722822019.7826 128971.47186661109 147868321.99202183
8681.300308771026 654265981158.3564 130213.50463156539 150729932.1021358
8779.345335727376 676684762201.7152 131684.18003591063 154153791.04791605
8826.312692902804 687603261256.1036 132388.69039354206 155807573.5057943
8894.629340689828 703693540184.5166 133413.4401103474 158228844.21652073
8925.667572662207 711085992787.5865 133879.0135899331 159335065.2353473
9002.108920119514 729512587659.1113 135025.6338017927 162075912.01939064
9097.989964010465 753071757026.6786 136463.84946015698 165546824.7704703
9113.467464503887 756921676098.3141 136696.0119675583 166110560.4531418
9182.861329491707 774344250786.4629 137736.9199423756 168649866.3933484
9202.543172230959 779333940795.5435 138032.1475834644 169373583.67354926
9263.430431074446 794905556623.2438 138945.4564661167 171622268.7027122
9354.682161242587 818628968733.2163 140314.2324186388 175020138.67574054
9453.977895688524 844974781729.712 141803.66843532785 178755378.1043344
9531.315598970083 865881678110.3737 142963.73398455125 181691936.09434086
9599.32471015186 884549308972.7498 143983.8706522779 184294051.78186414
9693.555398495406 910855090649.6921 145397.3309774311 187930014.52739885
9712.359936506686 916166286692.6315 145679.39904760028 188659853.07252032
9786.329841717781 937258845491.0278 146788.9476257667 191544485.54179195
9830.3438768195 949961775780.6816 147449.15815229248 193271303.47304523
9855.959072762727 957407166936.6742 147833.38609144092 194279840.48794785
9879.320139303893 964231193094.8046 148183.8020895584 195201914.82971096
9929.719752728091 979063758053.9755 148939.79629092137 197198650.73543686
9965.115933285233 989571244455.5319 149470.7389992785 198607053.12763044
10063.973057457175 1019314955589.6345 150953.5958618576 202567089.40244785
10161.455150400743 1049222786839.9648 152415.82725601114 206510323.5472116
10227.893033917819 1069937802877.8442 153412.39550876728 209219573.8265293
10323.858224055255 1100337959266.5432 154851.87336082882 213164079.26078665
10335.464581530301 1104053221004.9314 155025.9687229545 213643638.23213464
10410.699065879435 1128339205562.6147 156154.48598819153 216765292.08060586
10440.161373466013 1137945950817.6365 156596.4206019902 217993921.0080235
10504.709518077307 1159183371841.6807 157564.6427711596 220697826.1183679
10533.778412812442 1168833189462.1704 158000.67619218663 221920957.30046684
10618.875226929116 1197389797714.3164 159277.12840393675 225521004.1701778
10683.174562168098 1219273049442.6729 160241.61843252147 228260419.45151109
10708.183654566994 1227855990166.8892 160616.7548185049 229330376.35987148
10724.221110620176 1233381070907.9314 160857.31665930263 230017818.85894287
10750.732539456556 1242550854556.0413 161254.98809184832 231156482.26986003
10779.387390188303 1252512992895.5493 161684.81085282456 232390367.0155012
10818.218391399269 1266097739419.3342 162267.27587098902 234067680.32801875
10873.682748810314 1285671371853.3152 163099.24123215472 236473935.04355004
10945.285970463638 1311237433087.9397 164173.28955695455 239598551.95045626
11005.654489259201 1333053634876.092 165078.817338888 242248843.4739024
11022.436714263802 1339161150952.3896 165330.55071395703 242988204.2399012
11093.343911078458 1365172184841.2495 166394.15866617687 246124540.25892302
11166.149598888835 1392227878791.7969 167486.24398333253 249365775.72953057
11263.221785609747 1428854174039.0718 168942.3267841462 253720311.98366803
11362.245035428376 1466872790529.8418 170427.67553142563 258201206.49023354
11392.415538351113 1478588936955.8438 170880.2330752667 259574245.59692776
11414.266054172984 1487113012475.7117 171207.99081259477 260570921.1108914
11469.538494314054 1508821381995.6072 172037.0774147108 263100608.54510382
11531.987990471112 1533601569415.4705 172973.81985706667 265973476.02473992
11565.922267984124 1547179874497.9531 173482.83401976185 267541097.81810206
11622.0742277028 1569823892021.4072 174325.113415542 270145200.7084673
11706.188175581045 1604155642382.282 175586.82263371567 274069665.2042269
11738.546327742655 1617495029924.2808 176072.19491613982 275586921.7771211
11777.864400114948 1633802851808.2012 176661.9660017242 277436161.6549901
11818.67191367888 1650843980137.484 177274.0787051832 279361993.606364
11888.375002769844 1680225175350.7178 178319.62504154767 282666902.4129658
11904.66810834318 1687142930493.2642 178564.0216251477 283442227.53960633
12000.633692842575 1728273769741.6453 180003.50539263862 288030400.05957687
12034.24771819533 1742837279030.0012 180507.71577292995 289646218.28577906
12055.697945119053 1752173366457.2563 180829.4691767858 290679687.8878955
12081.844735753106 1763598622252.0159 181221.67103629658 291941926.4376901
12106.77630330241 1774539022821.4714 181595.64454953614 293148046.9164095
12191.563176315976 1812083394052.8525 182867.44764473964 297268407.3642074
12264.979204999105 1845017325027.9204 183968.68807498657 300859411.7981209
12278.938645045042 1851324241588.0 184178.07967567563 301544650.49756116
12361.890426286374 1889098787499.7764 185422.3563942956 305632651.8230214
12434.351399651314 1922513550837.5286 186509.2709947697 309226171.4600212
12489.915873070786 1948401877814.0771 187342.7380960618 311995979.03277117
12544.526998197845 1974071468172.671 188161.9049729677 314730297.2170293
12619.353943432476 2009608062344.3027 189284.30915148713 318496169.89924955
12697.400519828472 2047125446941.8594 190455.00779742707 322447941.9218807
12776.993398739869 2085864108410.2805 191648.90098109804 326503102.6228844
12863.360713606176 2128449472168.4648 192944.41070409265 330932079.6966936
12885.640643290135 2139528354962.5042 193278.60964935203 332079451.5760212
12917.451078545153 2155412892937.1611 193755.7661781773 333721066.7332147
12977.767461899246 2185747369314.9565 194660.51192848868 336844878.5902616
13009.380938576534 2201759568739.179 195134.71407864802 338487966.80999696
13067.271924416053 2231283665056.598 196003.0788662408 341507173.093264
13083.163318173823 2239434106822.1685 196241.44977260736 342338306.8200182
13131.40659354576 2264298852013.658 196965.09890318642 344867660.25003415
13147.816473172483 2272798320302.3877 197211.24709758724 345730138.02445143
13198.404131450925 2299133908418.1016 197970.06197176388 348395725.23420167
13245.480722081162 2323823689544.769 198676.21083121744 350885501.1180474
13259.263167644478 2331085331180.0127 198882.94751466718 351616101.49770695
13357.772390263004 2383428439339.9937 200360.58585394506 356860148.46014524
13385.847341136929 2398488294835.5615 200781.71011705394 358361800.0804452
13461.329655899905 2439292495031.083 201913.94483849857 362414774.2096205
13513.216395027262 2467608140527.154 202692.24592540893 365214016.6776672
13588.222926429115 2508926794698.5586 203817.3438964367 369279586.59666765
13641.507676734098 2538558144955.159 204616.61515101147 372181445.38879067
13659.532770395856 2548634355958.0063 204886.99155593783 373165653.0110366
13675.998934254105 2557862381764.167 205133.98401381157 374065875.6994388
13716.164678266734 2580465588891.8735 205736.470174001 376266328.96266395
13815.026993174733 2636666573666.5303 207219.404897621 381709923.644293
13856.234432156785 2660330953277.902 207837.51648235178 383990447.2777745
13944.970818582007 2711769859517.175 209168.5622787301 388924404.26220745
14002.862858523791 2745683705042.728 210036.94287785687 392160318.46925014
14072.021013315352 2786566584488.3984 211074.31519973028 396043532.7983777
14120.914554880435 2815713579899.781 211807.71832320653 398800437.73246825
14196.591864851474 2861226845638.7764 212942.8779727721 403086423.1543341
14293.521308403937 2920234317432.412 214396.81962605906 408609484.7875948
14342.929025168522 2950621808622.6475 215137.9353775278 411439208.04204327
14387.883599279536 2978452969707.6284 215812.25398919304 414022370.9328341
14469.02941722802 3029131999386.682 217029.4412584203 418705606.55321956
14497.02046212775 3046746042615.2246 217449.30693191625 420327186.55870134
14562.579137983857 3088267388789.7363 218432.68706975787 424137404.30008537
14586.316396111124 3103393807556.484 218788.74594166686 425521234.0149204
14685.296269525123 3167000543849.433 220273.44404287683 431315835.047457
14765.777560441029 3219355710599.9307 221480.66340661544 436056355.9288477
14835.912248133955 3265447965003.168 222532.68372200933 440208566.4686622
14919.220557950419 3320766988803.568 223782.3083692563 445166266.1135408
14963.200097781579 3350220956620.0786 224442.00146672368 447794696.3325013
15046.827256240196 3406707176258.276 225696.40884360296 452814002.9582657
15119.991784019312 3456644093105.5757 226793.87676028968 457228285.097623
15138.619649562164 3469435620390.4927 227073.29474343246 458355591.78821933
15163.736886741863 3486733227839.313 227450.05330112795 459877814.7406716
15261.931670244216 3554909217046.6934 228922.97505366325 465853098.61440676
15330.216319171152 3602838949920.449 229947.24478756727 470031046.785163
15418.112012927473 3665165496555.7617 231265.6801939121 475436338.08635694
15512.101151996554 3732603716411.987 232675.5172799483 481250546.29954565
15526.031446797917 3742668692980.791 232884.47170196875 482115286.97391564
15560.846913881604 3767902797565.7446 233406.70370822406 484279895.3545172
15613.539343074284 3806309385136.971 234197.09014611426 487565203.6354571
15641.425997518998 3826740677438.4307 234615.38996278498 489308396.47172636
15678.50060638278 3854016604188.251 235171.5090957417 491630744.52869046
15760.579218226781 3914862586338.4717 236402.68827340173 496791696.5880038
15776.449665947448 3926700959641.209 236640.74498921173 497792710.1243467
15811.574644095172 3952986834274.5317 237167.61966142757 500011767.4515867
15903.399088596982 4022257521897.2983 238544.98632895472 505836187.14237463
15997.858795837647 4094355775238.7485 239961.8819375647 511862954.1031199
16037.215711712823 4124648198558.069 240552.23567569233 514384557.56801724
16055.99395162929 4139154025873.1133 240833.90927443936 515589865.54951274
16134.424729776169 4200107981883.8555 242010.37094664254 520639304.72162557
16170.181161848705 4228094219136.9937 242546.71742773056 522949499.61401343
16225.291858802 4271471890784.352 243373.37788203 526520173.8066129
16263.368265278632 4301614512154.1484 243944.52397917947 528994276.6641442
16333.423222710862 4357442312208.445 244995.34834066292 533561410.344381
16425.438629324402 4431501776162.224 246375.57943986604 539590050.3314046
16462.403440901715 4461487925502.866 246930.05161352572 542021436.1020253
16480.2533903279 4476016250292.926 247197.8008549185 543197485.6188285
16539.10001739598 4524135675124.056 248080.5002609397 547083640.7708554
16567.786118163538 4547717073873.299 248510.79177245306 548983055.7144248
16601.284238975175 4575357736788.749 249013.26358462762 551205258.766491
16675.34983568344 4636869374313.17 250124.24753525158 556134566.2848554
16723.247060629463 4676940206091.144 250842.70590944195 559333966.501704
16755.994076320752 4704468819735.369 251333.91114481128 561526656.9713923
16836.793211287535 4772853826162.84 252545.89816931303 566955193.2793161
16933.68214500593 4855726428979.816 253999.23217508892 573499163.9761852
17023.401300649934 4933316869120.011 255345.019509749 579592365.6859397
17088.621082833055 4990235713308.778 256323.3162424958 584041923.0252928
17102.759499531094 5002632106412.847 256535.3924929664 585008746.9976021
17135.784095698567 5031667617795.447 257030.76143547852 587270175.1487919
17211.9134266363 5099028729650.404 258172.7013995445 592499909.6120459
17224.796564451008 5110487189377.015 258365.9484667651 593387215.3734465
17286.32584165085 5165449085260.499 259288.88762476275 597634104.2074519
17375.78754562365 5246062899603.498 260630.81318435475 603835967.6613
17444.21169004086 5308282714185.324 261657.17535061287 608601024.9739163
17531.51486752264 5388381458124.515 262966.7230128396 614708009.1003348
17553.54487710762 5408720029663.557 263297.1731566143 616253857.5052623
17596.127958476438 5448178580786.785 263935.9193771466 619247420.2621523
17631.347529932067 5480958548247.488 264464.21294898103 621728813.4424832
17708.021582266865 5552775661779.341 265614.323734003 627148038.7160581
17753.174232395275 5595360156324.849 266291.61348592915 630350372.6515671
17831.418763697777 5669668907468.925 267465.28145546664 635918972.2527063
17927.242164270585 5761564858433.302 268902.63246405876 642772005.2328022
17955.20200766593 5788564631971.305 269322.0301149889 644778540.2721812
17979.934376938465 5812517948260.539 269693.015654077 646556062.3980272
18045.789644200868 5876620851488.868 270680.844663013 651301029.7654946
18131.000036247966 5960260977815.726 271959.0005437195 657466306.6288475
18222.515840337066 6050970132434.856 273331.73760505597 664120149.1026706
18268.69827595356 6097092857116.162 274024.47413930343 667490655.3956572
18320.797761405865 6149405642748.322 274805.966421088 671303243.2286683
18412.69244864914 6242404360889.24 276184.3867297371 678054468.4170822
18467.415124718103 6298227373145.928 277005.22687077156 682090824.777334
18539.726598657857 6372501938092.148 278089.89897986787 687442906.7059633
18587.69062467719 6422088798508.061 278809.3593701579 691004467.5174247
18618.301906034412 6453869879097.257 279268.5285905162 693282313.7284893
18677.813879648314 6515955809541.942 280161.2081947247 697721444.6455665
18725.74871466207 6566252415231.648 280880.2307199311 701307311.8493363
18819.41130232597 6665275450817.736 282285.1695348896 708340465.532229
18857.845648725546 6706195812908.014 282861.6847308832 711236667.0223141
18913.369229464704 6765606004085.838 283694.5384419706 715431053.2201246
18998.65247475356 6857540733634.642 284973.7871213034 721897573.712919
19058.733301746845 6922804995617.116 285874.9995262027 726470612.1342283
19079.449816182445 6945404451989.152 286185.7472427367 728050792.5764487
19151.84360647195 7024764346172.429 287271.65409707924 733586209.053521
19217.142050742088 7096862667525.33 288251.1307611313 738597079.1967996
19289.257676630972 7177059456158.084 289332.8651494646 744150905.4309338
19328.14704852003 7220556376228.464 289916.20572780044 747154518.6584271
19383.188214632093 7282418594024.792 290741.8232194814 751415952.7277049
19456.263208716256 7365094076709.999 291837.94813074387 757092338.0936916
19554.22417919272 7476903397128.5 293307.36268789077 764735348.5002503
19600.075145687562 7529622604211.039 293995.12718531344 768325873.4331987
19696.710423444263 7641543684184.507 295444.6563516639 775920785.0100358
19718.155565398367 7666530466899.073 295766.3334809755 777611299.8025012
19732.91521076674 7683759257673.097 295987.7281615011 778775867.4306188
19808.83128928047 7772783289319.534 297126.46933920705 784779576.094354
19877.26356738499 7853618285822.37 298152.9535107749 790211195.8545814
19912.411669776207 7895353634691.173 298680.1750466431 793008259.0132793
20000.86958535871 8001043547778.83 300007.0437803806 800069550.3410541
20075.473510670156 8090910417746.006 301126.10266005236 806049255.3552382
20117.265084908184 8141544780399.057 301752.9762736228 809408690.9929317
20177.7695581249 8215225208551.018 302660.5433718735 814284750.6815838
20217.396646328125 8263721928129.354 303254.94969492184 817486236.3099195
20257.761785469644 8313317736809.854 303860.42678204464 820753807.1136684
20337.782756521407 8412223679302.434 305060.7413478211 827250796.9029189
20358.192591602907 8437575182663.015 305366.8888740436 828911993.193591
20432.77268873969 8530645813420.792 306485.5903310953 834996381.4994131
20444.268690857356 8545052596572.499 306658.03036286036 835936226.6079407
20470.074942326693 8577452030525.4375 307045.1241349004 838047918.2889423
20522.060719156627 8642967992922.902 307824.9107873494 842309934.3215028
20618.60847017596 8765527477437.292 309273.12705263944 850254012.4928237
20683.79672500712 8848930475931.877 310250.9508751068 855638875.9228305
20698.471405206237 8867778182326.877 310471.07107809355 856853419.0242805
20794.79016180689 8992151740334.625 311915.8524271033 864846577.7471613
20836.421836297057 9046267454789.006 312540.3275444559 868312931.8802336
20886.468092013984 9111607860472.889 313291.0213802098 872489080.7174366
20976.47675188266 9229913590323.055 314641.1512782399 880025135.8445474
21056.57171104542 9336046177324.756 315842.57566568133 886758406.4447966
21120.58910870705 9421457273558.805 316802.83663060574 892158550.5976696
21149.838778323974 9460654522376.693 317241.5816748596 894631342.6981931
21228.702650024614 9566880777063.373 318424.5397503692 901315614.4063241
21321.79904802095 9693297405809.553 319820.9857203142 909238211.2883741
21417.507234311055 9824416521927.154 321256.6085146658 917419214.2635328
21465.841245960783 9891080567876.781 321981.6186894117 921564662.7935823
21488.691277860806 9922700876828.4 322324.3691679121 923527687.6704221
21537.16045695891 9989996383001.338 323051.40685438365 927698543.0975891
21575.63208601076 10043627181586.033 323628.4812901614 931015781.8217939
21606.041748225343 10086154879729.95 324084.62622338015 933642062.0521129
21641.829344431004 10136357150153.541 324621.44016646506 936737536.7469498
21678.251750407893 10187620681351.15 325167.7762561184 939893179.9081258
21691.909537780582 10206888107342.117 325372.64306670876 941077860.7905124
21745.134473875383 10282205825690.564 326171.01710813073 945701728.5738473
21830.721542836352 10404094072407.945 327454.8231425453 953160788.1617184
21872.750184574983 10464299913509.959 328085.25276862475 956834383.2736499
21893.070723878875 10493492103859.73 328390.06085818313 958613073.4415245
21972.729417587278 10608452177220.912 329584.94126380916 965601658.1170107
22024.337218903864 10683376748055.133 330359.05828355794 970142841.8639879
22062.35522440674 10738796647748.262 330929.3283661011 973495018.0958147
22153.560152678365 10872529290277.404 332297.4022901755 981560436.8766773
22172.580058353455 10900557120661.092 332582.70087530185 983246594.8881866
22264.391038110094 11036527841927.572 333959.86557165143 991406198.5957541
22353.90356552601 11170178653163.967 335302.5534828901 999393991.2336729
22434.202912820314 11290987613796.361 336507.0436923047 1006586902.6671909
22524.546081658773 11427945045718.947 337862.19122488156 1014710334.3695391
22622.116349354354 11577097613794.736 339325.74524031533 1023520278.2474511
22644.696164862202 11611798576020.69 339664.44247293303 1025564510.7978498
22679.18606877928 11664936861367.627 340181.7910316892 1028690943.4846243
22752.022466149392 11777687412062.312 341274.33699224086 1035309034.6003333
22782.208469732264 11824627398298.926 341727.127045984 1038058027.5166811
22800.42203136665 11853010178516.748 342000.3304704997 1039718471.6168593
22813.09568573593 11872786716435.535 342190.43528603896 1040874651.5330867
22908.703722392733 12022687162169.893 343624.555835891 1049617394.4807413
22931.152868353227 12058066330723.14 343961.2930252984 1051675525.7435689
22989.141480665123 12149775664125.758 344831.12220997683 1057001234.0360756
23034.316806831408 12221542070214.346 345508.75210247113 1061159483.5149517
23127.68596750323 12370764667893.645 346909.2895125484 1069779698.4228915
23156.376184609657 12416860121166.096 347339.64276914485 1072435498.0063145
23202.820543722002 12491722942058.725 348036.30815583 1076741744.3683355
23280.04269185064 12616860963725.486 349194.6403777596 1083920757.4687767
23352.23869080639 12734607479854.924 350277.58036209585 1090654085.7447898
23372.496114349968 12767777000045.268 350581.4417152495 1092547131.2306087
23454.11160663429 12901997762636.643 351805.6740995144 1100190684.5129147
23542.19901314615 13047913833501.15 353126.98519719223 1108470250.749159
23552.91085980013 13065732583993.422 353287.66289700195 1109479201.9393818
23625.01259514474 13186093355199.117 354369.1889271711 1116282422.2414954
23693.74439850972 13301514655653.281 355400.1659776458 1122787029.2438214
23748.527836674293 13393993353013.71 356221.9175501144 1127985130.8185875
23800.225672903674 13481655494091.96 356997.3850935551 1132901466.1622863
23822.907870851464 13520237283710.738 357337.618062772 1135061860.8461533
23850.29094027314 13566913111154.014 357748.36410409707 1137672737.8713498
23924.936742503596 13694695951548.912 358868.05113755394 1144805178.265597
24017.476072269532 13854220647939.516 360256.14108404296 1153678295.764079
24051.661999548145 13913464238358.324 360768.9299932222 1156964871.8810165
24113.117026875454 14020388943049.754 361690.7554031318 1162884807.5035818
24132.935678953498 14054987578855.166 361988.0351843025 1164797150.9690135
24216.875094870134 14202156870678.568 363247.12642305205 1172914060.7210827
24287.09771600118 14326063124378.95 364300.4657400177 1179726212.9331794
24354.72246998134 14446064680345.701 365314.8370497201 1186304995.1796281
24427.277415945842 14575558132348.707 366403.16123918764 1193383745.9111555
24469.803596480775 14651815817780.723 367041.05394721165 1197542558.100687
24499.470410308466 14705171361954.016 367486.056154627 1200448082.7711601
24582.068026154295 14854404585143.1 368725.0203923144 1208556118.8849547
24618.55441283705 14920646578630.262 369272.31619255577 1212146424.7556372
24656.517347508332 14989778027299.756 369841.76021262497 1215887677.4159586
24741.7200910654 15145711079608.328 371119.801365981 1224305408.1292584
24751.8111678006 15164250478974.918 371271.16751700896 1225304294.172917
24833.556723803067 15314991998383.39 372497.350857046 1233411061.108689
24860.888378363896 15365614420560.75 372907.3256754584 1236127523.922938
24908.800131134307 15454623293512.652 373626.0019670146 1240896629.9455929
24952.466137454783 15536043360410.107 374280.99206182174 1245251114.6816552
24997.29348552205 15619925834702.56 374953.40228283074 1249729345.202646
25078.863222561835 15773335488353.451 376176.9483384275 1257898743.0719292
25148.664109294125 15905406066835.965 377223.96163941186 1264910594.964197
25205.44407738997 16013381861486.715 378075.66116084956 1270628804.2768662
25239.217334662706 16077838061655.807 378582.2600199406 1274036165.332677
25292.102893895782 16179117156994.977 379375.54340843676 1279380919.590823
25309.3999191684 16212334089997.73 379634.99878752604 1281131430.536803
25400.458257899332 16387950964978.12 381000.87386849 1290366541.4225729
25469.395451052198 16521744800290.525 382034.931765783 1297380191.2841568
25565.095091414532 16708683684261.807 383470.426371218 1307148156.066135
25607.499281431818 16791964506808.47 384106.48922147724 1311488020.897062
25682.38236109065 16939708101929.686 385229.7354163598 1319169509.4825203
25764.077180790835 17101876838233.219 386455.1577118625 1327575327.955494
25795.64790907463 17164822688493.701 386928.71863611945 1330830884.0978925
25819.003412324964 17211488252416.896 387279.0511848745 1333241856.4112964
25881.075168420353 17335921922580.008 388210.1275263053 1339660085.7468493
25905.436210688844 17384921289834.646 388575.54316033266 1342183232.5321376
25930.44758939845 17435324702764.637 388950.7138409767 1344776206.3730798
26022.63359599835 17621940902070.48 390333.5039399753 1354354900.5431643
26061.247817910542 17700503405483.73 390912.7172686581 1358377257.653094
26105.204119319544 17790218415070.715 391572.06178979314 1362963346.222676
26194.018716798477 17972413435614.305 392904.2807519772 1372253215.0719779
26274.599277634472 18138789612648.87 394112.9891645171 1380709116.4005399
26292.850954442532 18176616262135.137 394386.764316638 1382628004.6250591
26331.448300100114 18256782486919.168 394965.7245015017 1386690321.1616902
26369.85481591634 18336785981670.438 395541.8222387451 1390738468.0250125
26438.761891341586 18480909518334.68 396575.4283701238 1398016242.6941123
26495.57195786836 18600297780930.137 397427.5793680254 1404030648.7491605
26520.941433670734 18653778238766.266 397808.121505061 1406720651.0563862
26557.34479598984 18730697767340.047 398354.1719398476 1410585107.2261772
26611.47687897192 18845468254101.16 399166.1531845788 1416341385.360114
26694.692832079312 19022814975109.69 400414.3924811897 1425213232.7981331
26742.935855792817 19126136369202.934 401138.03783689224 1430369218.3740983
26799.792216267255 19248384287683.566 401990.8832440088 1436457707.670198
26821.12699507284 19294390654764.01 402310.9049260926 1438745688.5716498
26860.81470715595 19380168244358.883 402906.2206073393 1443006715.464331
26875.36394400631 19411677275266.797 403124.4591600946 1444570356.2455888
26891.048001063242 19445682198567.316 403359.72001594864 1446256907.1909747
26966.720021331214 19610306361884.29 404494.8003199682 1454407959.4177315
27026.788246472945 19741644040658.926 405395.82369709417 1460894547.8393762
27043.930478339753 19779232361727.996 405652.95717509626 1462748333.4345477
27108.950127231506 19922236702032.63 406628.2519084726 1469790336.0014503
27152.05117693327 20017412123679.38 407274.76765399904 1474467748.2296066
27176.687733225477 20071950291437.71 407644.31599838217 1477144694.2984962
27206.43201156859 20137927354414.88 408090.4801735289 1480379867.6002083
27228.354873903092 20186647838807.8 408419.3231085464 1482766600.2784045
27270.708437916877 20280995119770.574 409054.62656875316 1487383059.4117415
27294.000827637985 20333006577838.684 409404.0124145698 1489924944.358206
27351.715582490408 20462265499383.812 410269.7337373561 1496232672.610897
27396.736559438265 20563474693467.5 410945.04839157395 1501162330.2145224
27464.557284016442 20716567928921.25 411962.3592602466 1508603795.6140413
27525.562259477705 20854923300771.71 412877.4338921656 1515313137.4007668
27625.10045555192 21081989751576.35 414370.5068332788 1526292332.35867
27685.786295798214 21221231686456.52 415280.7944369732 1533005507.6332164
27708.0993626487 21272582131741.496 415615.4904397305 1535477522.5808265
27780.9120450735 21440726574558.05 416707.68067610246 1543558130.1122196
27873.71592883384 21656317454654.87 418099.73893250764 1553888061.3626509
27940.651404094857 21812707762857.383 419103.7710614228 1561359983.7702959
27986.045345405666 21919195007174.027 419784.680181085 1566437450.1502042
28014.880236587996 21987016919127.81 420217.20354881993 1569667011.3407373
28044.669796688853 22057231063744.723 420664.0469503328 1573006990.010624
28055.19615945933 22082077450932.45 420821.94239189 1574188045.091483
28069.75518325026 22116473256384.965 421040.32774875395 1575822294.0952098
28147.261074976475 22300182851032.523 422202.91612464713 1584536594.0457716
28245.083259399267 22533496074746.28 423670.248890989 1595569438.6607935
28289.301736863148 22639492319907.152 424333.5260529472 1600569167.5185766
28343.640788353914 22770203189658.836 425148.6118253087 1606723928.2784793
28368.610357753598 22830435027879.066 425523.155366304 1609556089.2600894
28431.530823812627 22982683240318.5 426466.9623571894 1616703871.970815
28443.141546964936 23010851392281.816 426641.12320447405 1618024584.1213658
28504.08822429534 23159088409607.91 427555.3233644301 1624966072.9968247
28550.17926148483 23271614727182.66 428246.6889222725 1630225453.725837
28563.263509798715 23303624804904.73 428442.9526469807 1631720026.6603975
28651.54100542818 23520359504870.14 429767.1150814227 1641821585.9714646
28750.63633243146 23765249815477.652 431253.5449864719 1653198161.0394557
28836.16579615258 23977977129322.684 432536.4869422887 1663048897.6464002
28867.70928251736 24056750777122.51 433009.6392377604 1666689260.439878
28902.86239874925 24144741822539.953 433536.9359812387 1670750891.6820664
28975.941616926146 24328351041660.797 434633.12425389217 1679210367.1750252
29051.195636238135 24518394750795.0 435761.934543572 1687943917.7899632
29105.600822873974 24656402237139.055 436578.0123431096 1694271980.5209644
29177.168634684018 24838732845467.426 437651.5295202603 1702614321.0735776
29235.722537360693 24988575224659.754 438529.8380604104 1709454926.5630798
29257.27881219417 25043890210728.4 438853.18218291254 1711976708.988932
29338.819127452312 25253867015331.383 440076.2869117847 1721532597.5867233
29394.59103272695 25398160695423.305 440912.86549090425 1728083945.962543
29486.884645894825 25638149310098.336 442297.2696884224 1738952714.2406158
29563.433177760486 25838339527527.19 443445.49766640726 1747993144.511819
29610.08540580183 25960854320773.258 444145.28108702746 1753514297.477757
29662.455795213264 26098846436702.51 444930.8369281989 1759722549.6059618
29747.939769910383 26325139456613.09 446213.09654865577 1769879823.1084316
29770.25412992819 26384424508902.348 446547.81194892287 1772536043.921013
29827.960906078053 26538153124954.664 447413.4135911708 1779414485.6290414
29897.358255813506 26723814388797.527 448454.3738372026 1787704043.35292
29923.544390165436 26794095497930.215 448847.16585248156 1790836999.7404027
30001.158598687798 27003128337247.195 450011.378980317 1800139016.5272377
30042.389086219966 27114612324053.836 450629.8362932995 1805090266.015657
30117.007362921984 27317153646849.766 451749.1104438298 1814068246.996594
30178.56031252308 27484988077636.72 452672.4046878462 1821490987.0731864
30197.165563349536 27535853369029.38 452951.483450243 1823737598.120686
30273.50351808843 27745212333717.24 454096.55277132645 1832970012.5194252
30321.302549298252 27876841232393.105 454813.53823947377 1838762758.5721614
30349.69010643456 27955211533913.668 455239.35159651836 1842207361.1132236
30388.913143633727 28063737121232.484 455827.6971545059 1846972066.1026294
30401.228368588836 28097869764934.742 456012.42552883254 1848469354.6381812
30481.46593944941 28320932495421.918 457215.98909174115 1858239513.6356287
30491.652858096917 28349336588371.566 457368.79287145374 1859481770.0373797
30538.552179319337 28480350545464.926 458072.28268979007 1865206320.4180195
30611.722439280118 28685557886071.332 459169.83658920176 1874155083.399052
30673.362017365816 28859190236829.633 460094.43026048725 1881710256.89676
30689.696233052455 28905319184989.086 460339.4434957868 1883714891.7540681
30764.75018336441 29117908609598.33 461465.2527504661 1892939689.689641
30842.183532332063 29338327454591.93 462626.75298498094 1902480552.0841103
30871.326195151658 29421571086322.766 463063.89292727486 1906077544.094914
30956.16252865758 29664795206175.4 464336.4379298637 1916567979.0013273
31011.843135076477 29825156804229.504 465171.64702614717 1923468811.26918
31090.5559580911 30052836205230.805 466352.3393713665 1933245321.566388
31180.282686055427 30313783515155.95 467698.2402908314 1944420038.7646556
31226.858914826946 30449832168662.695 468396.8837224042 1950233417.3730142
31253.701000875855 30528422185163.125 468799.51501313783 1953587634.5042968
31293.864687346828 30646268420976.055 469401.9703102024 1958611916.1399455
31376.340763631313 30889215534004.96 470639.1114544697 1968949501.431024
31432.564015642532 31055564376200.918 471482.460234638 1976012143.1949315
31492.159619634942 31232541956306.18 472376.3942945241 1983512217.0171313
31567.62584624119 31457612719650.75 473508.38769361784 1993029985.1365495
31598.17273842214 31549022425533.625 473966.59107633214 1996889022.8143284
31681.42066067863 31799035244436.504 475215.3099101794 2007424812.1577494
31753.71705273362 32017226755462.027 476299.7557910043 2016597075.3301318
31843.53473934146 32289685101016.93 477647.0210901219 2028021391.3912928
31914.962700036354 32507459008423.816 478718.4405005453 2037129670.2894235
31964.88889367313 32660256985875.848 479467.33340509696 2043508225.9697359
32064.781314813463 32967411346346.336 480965.71972220193 2056300383.533621
32128.57114678454 33164559620068.97 481922.5672017681 2064490149.867992
32224.357974105507 33462071293876.7 483359.3696115826 2076818475.6865945
32242.84471493082 33519694746995.473 483636.6707239623 2079202052.6222847
32264.28839047845 33586617837556.484 483958.32585717674 2081968592.687925
32354.886416944508 33870346428193.797 485317.2962541676 2093677332.1067605
32453.51380416855 34181032460705.266 486796.70706252824 2106461098.4747171
32546.00336832237 34474104610920.85 488184.05052483553 2118484652.501702
32628.509605640473 34736952120227.57 489421.6440846071 2129239260.1707451
32697.839080810816 34958851510212.492 490461.5862121622 2138297343.1091983
32758.933562464365 35155175129150.918 491378.00343696546 2146295438.2999084
32841.17649562183 35420616870514.38 492611.64743432746 2157085729.2331676
32880.18403162658 35546980742000.47 493196.76047439873 2162212985.9072633
32926.05720773367 35695969779474.266 493884.858116005 2168250468.493901
32949.37636130783 35771866155160.48 494234.64541961753 2171322787.198223
32999.33963723813 35934842638005.51 494984.094558572 2177912814.9875913
33075.929542510974 36185633017363.766 496132.9431376646 2188034212.2023005
33091.358073802934 36236293873060.11 496364.371107044 2190075940.337285
33102.67765616421 36273492712571.77 496534.16484246316 2191574518.0158267
33190.06315165721 36561519458442.875 497844.94727485813 2203160566.0219874
33227.70103553158 36686044017244.305 498409.5155329737 2208160214.2133327
33298.031570085055 36919489070308.38 499464.47355127585 2217517794.884762
33336.880868527085 37048863412871.78 500047.21302790625 2222695234.0847344
33390.845335980346 37229074665777.375 500856.6800397052 2229897086.502721
33490.84400887593 37564557491225.91 502356.66013313894 2243273246.8537216
33556.072887761045 37784474560107.68 503335.0933164157 2252020037.297464
33629.624492051524 38033479088756.586 504438.36738077283 2261903268.9527836
33671.96522201228 38177315986325.82 505073.47833018424 2267602465.824809
33739.25075273513 38406638879411.625 506082.761291027 2276674064.7118764
33829.35481802371 38715167757102.836 507434.32227035565 2288850476.8074884
33921.758293933424 39033281704346.77 508820.3744090014 2301371353.504082
33988.35471309902 39263627975921.266 509819.3206964853 2310416494.2068806
33999.72115280192 39303032965825.12 509989.81729202875 2311962058.9365726
34098.508537951224 39646618366581.03 511471.62806926836 2325416551.025465
34115.00179017593 39704176721251.0 511719.0268526389 2327666676.2874136
34147.61434042635 39818152328428.05 512208.21510639525 2332119112.2849827
34168.97940873072 39892937926638.67 512528.69113096077 2335038289.6685276
34208.29966273208 40030817920642.164 513118.49494098127 2340415513.630552
34229.4726472786 40105194309216.65 513436.089709179 2343313577.4215875
34275.39860815119 40266839388609.6 514124.97912226786 2349605881.495305
34333.25324718126 40471087159678.875 514992.7987077189 2357544539.070165
34402.63798190643 40716949764965.23 516033.5697285965 2367082982.228222
34459.07049535966 40917649288436.63 516880.05743039487 2374855060.808333
34503.67022447349 41076731848266.84 517549.0533671024 2381006499.918437
34582.87705240805 41360269704814.77 518737.1557861207 2391950752.443942
34613.91146819136 41471718850753.91 519202.67202287045 2396245716.255579
34666.44947095154 41660846571561.12 519990.7420642731 2403525419.844073
34756.626793026924 41986808253606.46 521343.40189540386 2416046194.059514
34818.91515190181 42212950375964.25 522277.72727852716 2424713686.7106752
34868.090014507376 42392055533674.266 523015.35021761066 2431567384.519578
34911.60857446091 42550981190146.16 523668.12861691363 2437640808.512745
34936.88886405391 42643484540627.92 524047.33296080865 2441172388.998508
34953.94158584609 42705957974893.12 524303.1237876914 2443556046.773482
35023.81557439486 42962581803452.16 525351.2336159229 2453335296.7784476
35049.803540563844 43058288576309.99 525741.0531084577 2456977438.4642434
35146.12080947587 43414238980219.734 527185.812142138 2470499597.9085455
35164.71775334823 43483191066161.82 527464.7663002235 2473114731.3452888
35220.324154636684 43689798950380.67 528298.8623195502 2480942449.1153684
35313.60015275827 44037837633248.22 529698.002291374 2494100693.497778
35345.44102622627 44157066590437.4 530175.615393394 2498600384.676878
35389.15313234079 44321097911585.31 530831.2969851119 2504784300.848532
35469.28069130528 44622833446126.55 532033.2103695791 2516139727.517203
35559.64937822021 44964773531064.72 533388.7406733031 2528977309.8039136
35597.336744333545 45107890846378.79 533954.0511650032 2534340748.578958
35630.92058921747 45235680693038.664 534457.8088382621 2539124986.0702434
35645.76713273904 45292250102417.586 534680.5069910856 2541241410.962918
35676.45146159336 45409315247332.0 535140.7719239003 2545618359.7828536
35699.551788628705 45497579298760.79 535487.2768294306 2548915977.817966
35750.74684913777 45693597994428.15 536255.2027370665 2556231782.5422688
35767.264581097974 45756961988714.38 536502.9687164696 2558594413.2285314
35856.586042505674 46100624880389.48 537842.7906375851 2571389507.2472253
35954.845387877554 46480658981388.99 539316.6808181633 2585501795.73236
36052.105975274826 46858881396842.16 540775.5896291224 2599508672.504894
36090.49839582488 47008743019764.195 541351.4759373731 2605048130.918076
36117.16258772024 47113012273104.38 541751.4388158036 2608898848.775637
36166.31533405351 47305625984547.484 542488.7300108026 2616004711.6843877
36228.65037426484 47550650956501.83 543423.7556139727 2625030197.88144
36309.955302562616 47871511801731.4 544643.3295384393 2636825690.14819
36329.73258086334 47949778270165.95 544939.9887129501 2639698920.7940865
36395.90081413391 48212252062915.77 545932.5122120086 2649323174.1445465
36420.66265894894 48310722221047.64 546303.9398842341 2652929319.033915
36519.43752352824 48704853300478.98 547785.5628529236 2667338616.069765
36589.21666921671 48984574010539.375 548832.2500382506 2677541534.9337716
36662.340072310435 49278847758091.56 549929.1010846565 2688254341.155479
36750.43592264202 49634938118247.375 551250.5388396303 2701189063.0084343
36783.37956654133 49768538324729.016 551744.69349812 2706034006.6725
36810.49624703299 49878687476779.94 552151.4437054949 2710025249.90566
36843.97443879474 50014901403132.72 552653.6165819211 2714956886.893121
36915.9879235927 50308745250429.586 553733.8188538905 2725580310.7496843
36993.65407334273 50626941748997.195 554898.811100141 2737060865.3962946
37033.86242916655 50792200315108.95 555501.9364374982 2743013914.844867
37122.61659843271 51158257079413.31 556833.2489764907 2756177308.228463
37189.93083487234 51437056973455.77 557842.9625230852 2766181893.0051775
37274.394860340515 51788317823152.65 559109.9229051077 2778761006.4091587
37306.48037671676 51922169949488.04 559591.2056507515 2783546938.196706
37323.33743105594 51992585360782.36 559844.061465839 2786063015.9849224
37396.29001471313 52298057407186.12 560938.350220697 2796964995.729066
37496.068676815165 52717791468951.69 562435.0301522275 2811910314.4328785
37531.22008529084 52866194418271.89 562962.3012793626 2817184944.1810775
37585.57586878576 53096222686406.95 563777.6380317864 2825351008.7765007
37654.563421259045 53389130734169.75 564812.4513188857 2835732274.891239
37731.287470087795 53716149449931.95 565963.312051317 2847300090.3008084
37802.87371488293 54022471172804.82 567037.105723244 2858114504.2067738
37862.21411548375 54277273216691.29 567927.2117322562 2867094497.453474
37906.25831500436 54466911972220.15 568587.8747250653 2873768820.887674
37925.782574112454 54551117640024.586 568880.7386116869 2876729949.717704
37966.23361577652 54725853964253.7 569487.5042366477 2882869771.9354377
37997.35512150485 54860543183791.086 569954.3268225727 2887597974.4595017
38093.693110977576 55278880116698.47 571399.3966646637 2902258891.666681
38110.65139975336 55352739003973.164 571653.7709963004 2904843482.227046
38186.40595444115 55683478250200.32 572790.0893166172 2916403181.434757
38243.59787469708 55934045199643.75 573647.9681204562 2925145538.80307
38314.25984105252 56244663221719.59 574707.8976157878 2935964996.335379
38328.968255162166 56309463175192.32 574928.5238274325 2938219597.010458
38408.4519218049 56660500827340.625 576120.7788270735 2950418340.0591974
38478.244163729745 56969936892790.414 577167.6624559462 2961150529.847204
38571.31782635915 57384345366915.76 578563.7673953872 2975493099.724022
38645.059761075965 57714102934547.27 579669.8964161394 2986881269.8742657
38695.4682534506 57940243929729.195 580426.023801759 2994678508.7076063
38786.80336692263 58351492050969.695 581796.0505038394 3008832212.848641
38881.42212100784 58779572574312.4 583215.3318151176 3023529954.3039956
38957.78048344959 59126560821748.31 584360.7072517439 3035417302.3932915
39046.872022722986 59533134190061.34 585697.0803408448 3049316411.517814
39105.34888137007 59801006626127.55 586574.233220551 3058456604.2673426
39175.54601409966 60123627391169.22 587627.1902114949 3069446793.005679
39217.01303974286 60314750795630.82 588249.1955961429 3075948205.518723
39266.81638058707 60544831484286.77 588996.2457088061 3083765719.3334823
39309.83304997656 60744029542620.625 589641.4957496484 3090525930.834059
39360.01941673777 60976980097811.18 590394.2912510666 3098422238.9719486
39392.75140136513 61129232906351.6 590885.2710204769 3103577707.939509
39483.63723899405 61553316729201.25 592248.5585849108 3117915201.240956
39521.21277066566 61729220008639.914 592812.1915599849 3123852499.728453
39534.492831668336 61791468348865.83 593011.392475025 3125952228.91447
39586.559669537426 62035927692021.516 593792.3950430613 3134191394.9396944
39636.261396274946 62269883270000.805 594537.9209441242 3142066416.947671
39710.65383909291 62621160747314.734 595653.8075863937 3153872038.6565294
39747.11101045666 62793791018123.49 596200.6651568499 3159665649.35513
39821.521652792595 63147120790489.93 597316.8247918889 3171507155.487659
39915.844580539044 63596903246719.35 598731.6687080857 3186549279.155496
39928.91373604762 63659391964619.16 598927.7060407144 3188636286.281465
40001.30630342902 64006270461209.95 600013.5945514352 3200208993.9615
40068.62194711899 64329950745882.125 601023.3292067848 3210988911.482291
40099.56900095322 64479121869992.23 601487.5350142983 3215950850.124417
40180.629273932755 64870941640385.914 602703.4391089913 3228965919.698444
40267.42636956282 65292247722950.11 604005.3955434422 3242931234.856326
40309.26193108789 65495964000962.23 604632.9289663183 3249673176.8581023
40399.8446135799 65938503156405.086 605991.6692036985 3264294871.6028023
40437.52865247803 66123193047168.51 606556.9297871705 3270387429.0399637
40489.01615210847 66376090887496.71 607329.242281627 3278720839.931401
40556.022733890335 66706180377023.41 608334.341008355 3289581941.9836593
40607.765138703704 66961822576766.91 609110.4770805555 3297981161.1202397
40705.911701484874 67448525290538.63 610582.6755222732 3313942476.8981667
40717.62872161258 67506786353887.49 610758.4308241886 3315850559.422179
40802.98894487551 67932239645092.5 612038.8341731327 3329767795.6712666
40821.76820149594 68026078666909.18 612320.5230224391 3332833500.193331
40839.51178811601 68114821859173.76 612586.6768217401 3335731428.1833334
40858.79122907638 68211333962307.25 612875.8684361457 3338881623.4024973
40938.04435520913 68609029581216.125 614064.665328137 3351846933.2581406
40952.69547348322 68682718406240.83 614284.4321022483 3354246515.0877056
41032.54405760551 69085249988178.82 615482.1608640826 3367339325.6786747
41060.253248454654 69225303896516.234 615897.7987268198 3371888775.654462
41099.8417398518 69425728999190.375 616491.626097777 3378393964.0817285
41136.18889072689 69610084433781.195 617036.8333609033 3384372054.9071245
41167.37770143366 69768536318719.9 617504.6655215049 3389505955.6249948
41254.189483751135 70210841302418.445 618806.8422562671 3403816281.9224854
41343.78810353292 70669301440494.98 620150.8215529937 3418617611.4996605
41385.22781723567 70882014308240.23 620772.417258535 3425474144.9689937
41457.75494416664 71255327470628.0 621860.3241624996 3437490872.0211473
41469.377243015726 71315271591890.95 622034.6586452359 3439418479.847101
41537.10738398017 71665271058516.1 623050.6107597025 3450662561.6565995
41614.04619466616 72064243973161.62 624204.6929199924 3463457663.3836184
41683.86829479162 72427591768181.9 625252.0244218742 3475089734.0350676
41724.33188854867 72638718511721.8 625858.9783282301 3481839725.0915194
41796.57399093811 73016675291604.16 626942.6098640716 3493907176.7599277
41876.22892757143 73434931817676.12 628137.4339135714 3507237080.38874
41956.33891517968 73857185648458.45 629339.0837276952 3520668732.3308415
41982.81056029736 73997070710073.05 629736.1584044604 3525112747.083631
42033.072656778626 74263158354703.31 630490.0898516794 3533558375.940062
42065.01759857196 74432606044771.58 630969.2639785794 3538931393.1363378
42084.71794369519 74537232284421.62 631264.7691554279 3542246950.8007603
42152.96658774974 74900451007477.62 632288.498816246 3553745166.295892
42202.569090128214 75165174250974.11 633032.5363519232 3562113657.614091
42238.558471052835 75357635683343.56 633572.3770657926 3568191625.4250984
42250.44118986751 75421253304112.4 633750.6178480126 3570199543.4769063
42280.754906394024 75583708832647.8 634205.3235959103 3575324452.909125
42345.22165867464 75929970587703.72 635172.3248801196 3586235576.644576
42423.40701207021 76351334274240.28 636345.1051810532 3599490907.0235357
42455.7200195559 76525932760500.2 636829.8002933385 3604976306.7578387
42480.643890707965 76660786844517.12 637203.6583606194 3609210192.738288
42541.24350037277 76989330168634.42 638112.6525055916 3619514779.1160173
42593.450089897 77273121937909.44 638895.751348455 3628403963.1210938
42637.64124589061 77513886610628.36 639558.6186883592 3635936884.0265446
42686.45044422733 77780392206793.33 640290.75666341 3644266085.0549517
42757.077111307844 78167104888501.03 641350.1566696176 3656335268.2046504
42778.89060960978 78286802129350.22 641677.3591441467 3660066945.5779195
42865.012089234304 78760570203196.42 642969.1813385146 3674818504.820406
42912.91120481212 79024896187662.39 643687.6680721818 3683035878.144179
42969.42552304164 79337523936732.72 644535.3828456246 3692743041.5604444
43064.85526445338 79867295025181.67 645966.8289668007 3709163499.8966355
43163.690156631645 80418450171095.06 647449.3523494747 3726208277.875399
43214.04592825969 80700232790752.05 648204.6889238954 3734907512.9794765
43259.585565799876 80955631247465.89 648887.7834869982 3742783468.649522
43315.055349975024 81267447822330.34 649719.8302496254 3752388021.9428
43410.7734889421 81807396651784.72 651155.6023341315 3768990491.816476
43454.05143942178 82052311932468.39 651804.7715913267 3776509154.999829
43470.09908345607 82143251620710.64 652045.4862518411 3779299010.650977
43519.12018993225 82421463253571.9 652780.8028489837 3787827626.2115374
43617.39024894113 82981070064752.72 654254.8537341169 3804953446.256849
43647.82588816409 83154900591340.8 654711.3883224613 3810265391.526974
43735.4388804481 83656649521651.83 656025.5832067215 3825577210.1308227
43753.95461778687 83762944584480.88 656303.319266803 3828817071.3907056
43773.54563489273 83875510602987.31 656597.184523391 3832246576.900073
43865.13463058622 84403100385558.8 657971.0194587932 3848300054.318908
43961.60576726839 84961200823132.33 659418.0865090259 3865245545.2734504
44057.13360745729 85516263059468.61 660851.0041118594 3882062025.410685
44122.96391115584 85900172111494.62 661838.4586673377 3893671870.610322
44155.89685200204 86092660810652.48 662332.4527800307 3899486435.6092877
44172.28551984496 86188557476713.05 662578.2827976744 3902381598.0934095
44269.64576707599 86759719787625.88 664038.6865061399 3919603054.6847787
44333.02309476396 87132874446463.75 664989.3464214593 3930833855.4417486
44360.06904551976 87292441461921.31 665395.0356827964 3935631433.4465613
44420.68375980676 87650766404370.73 666304.2563971013 3946394273.3775196
44515.67905352213 88214303159711.06 667729.1858028319 3963291345.192378
44580.42590896607 88599779260520.45 668700.388634491 3974828730.4496264
44605.24162304723 88747818956926.0 669072.6243457084 3979255142.50085
44701.284590886215 89322323405878.92 670513.2688632932 3996409670.1508026
44795.00362340768 89885311571956.66 671919.0543511153 4013184681.242215
44823.49099632357 90056908286260.2 672346.3649448536 4018290672.195
44885.2271026875 90429531467345.36 673272.4065403126 4029367206.1196656
44918.0427059551 90628015682883.61 673764.6405893265 4035261103.068012
44930.56633035023 90703840961767.47 673952.4949552534 4037511563.5320034
44955.81040671567 90856811751705.64 674331.1561007351 4042049760.6491294
45025.169267076955 91277988834834.73 675371.5390061543 4054531717.0578623
45042.495502703416 91383404047787.77 675631.4325405513 4057652784.222115
45120.25644154599 91857511939054.88 676797.8466231899 4071675064.7017455
45183.680094377065 92245417451290.45 677749.201415656 4083129875.7420125
45200.504709575274 92348501460070.77 678001.5706436291 4086171234.0006733
45241.30588590115 92598808159340.67 678613.5882885172 4093551498.5233483
45253.559814425025 92674071672854.88 678797.3972163753 4095769333.755487
45271.19212044642 92782440673994.55 679061.8818066963 4098961654.0127406
45297.57006967592 92944718495236.34 679457.5510451389 4103739690.4344
45314.652924275055 93049913540092.89 679713.7938641259 4106835521.2950196
45411.66182968012 93648793215117.98 681168.9274452018 4124438042.2664523
45450.01731380072 93886285920502.19 681744.2597070108 4131408129.649571
45505.36040801404 94229671076391.7 682574.4061202107 4141475633.726504
45522.076846639975 94333555314353.2 682825.1526995996 4144518942.8627906
45539.8389716001 94444021601181.81 683091.5845740015 4147753849.118534
45623.35122896608 94964557441388.2 684344.2684344912 4162980336.7232013
45699.35201579475 95439933131944.3 685484.2802369213 4176861531.3270473
45778.230718583145 95934984757328.44 686667.4607787472 4191292797.447659
45813.55341127682 96157227775045.95 687197.3011691524 4197763334.3358283
45880.96381719894 96582312031427.86 688208.4572579841 4210125663.590237
45907.78195908296 96751772667053.75 688610.7293862444 4215048870.805406
45971.85134789559 97157421677947.61 689571.7702184338 4226822214.7060184
46064.10290139128 97743492548530.73 690955.5435208692 4243803134.2199287
46123.72794164299 98123539454917.66 691849.9191246448 4254796540.469396
46181.700229842994 98493995124195.06 692719.5034476449 4265498854.238161
46275.50770965152 99095418673853.97 694126.6156447729 4282845209.5720353
46344.536679156314 99539541099881.27 695162.0501873447 4295632142.01133
46403.33890948515 99918911167555.34 696044.0836422773 4306539705.897078
46438.53243565978 100146427112227.03 696571.9865348967 4313074571.555651
46451.009643615245 100227171495793.73 696759.1446542287 4315392575.822473
46462.55263901393 100301908900113.83 696932.2895852089 4317537577.46628
46478.26255526945 100403685536152.03 697167.9383290418 4320457762.313125
46548.12040236459 100857093153892.58 698215.8060354688 4333455007.986061
46576.1326919061 101039287748533.58 698635.9903785916 4338672255.068089
46625.9747510315 101364007529890.94 699383.6212654725 4347963024.967653
46697.772967983525 101832992959252.72 700460.5945197529 4361363982.338666
46724.13924466251 102005579762628.0 700856.0886699377 4366290358.309223
46748.94369499467 102168121169639.36 701228.15542492 4370927455.195563
46773.73086089992 102330721709682.6 701599.9629134989 4375563779.295804
46866.40035656996 102940149468290.33 702990.0053485495 4392918946.764602
46957.84900919775 103543915824590.19 704361.7351379662 4410079149.141229
46986.936466184576 103736452021636.94 704798.0469927686 4415544378.954532
47028.98567432151 104015206551932.08 705428.7851148227 4423450969.111076
47113.75151048788 104578657188122.66 706700.2726573182 4439411144.783998
47142.249529050096 104768543632321.66 707127.7429357514 4444783363.318448
47193.27484437793 105109106691814.48 707893.122665669 4454410363.073989
47212.39764495302 105236929674025.55 708179.9646742953 4458020964.77033
47229.39805949244 105350652921182.78 708434.9708923866 4461232064.123977
47319.53135836003 105954963076818.47 709786.9703754004 4478276077.949636
47388.767709064916 106420733153187.89 710825.5156359738 4491390591.967427
47446.58449453321 106810725228254.61 711692.767417998 4502356742.393758
47470.46474809216 106972082545043.81 712050.9712213825 4506890028.799722
47536.78103377823 107421029452455.94 713045.7155066734 4519491084.106755
47554.42615137043 107540694287635.39 713310.3922705565 4522846875.172288
47606.00726809479 107891014236731.31 714084.1090214219 4532663838.019789
47628.88401324914 108046627885725.05 714427.260198737 4537021166.695079
47653.022881092336 108210988989859.5 714789.343216385 4541621161.411819
47702.49345903305 108548353916903.5 715531.4018854958 4551055746.418182
47786.282115257076 109121349467131.38 716788.2317288561 4567057498.797876
47849.43765011682 109554573963536.52 717735.5647517523 4579137348.864835
47861.79049078113 109639443901251.47 717920.8573617169 4581501959.966854
47942.0235435237 110191750560747.11 719124.3531528554 4596875224.895561
47987.17586954605 110503383290168.62 719801.6380431908 4605538077.869486
48070.28921828151 111078550866693.67 721048.3382742227 4621505393.058464
48114.78885696232 111387319505176.12 721715.8328544347 4630065795.500131
48147.48267230935 111614535602858.22 722206.2400846402 4636360157.360659
48214.74516207216 112082969093084.22 723215.1774310825 4649323284.087122
48307.93908633274 112734159178737.16 724613.0862949912 4667313939.537669
48330.72148698132 112893733336298.33 724954.8223047198 4671717260.904315
48358.25908089946 113086815087495.45 725367.8862134919 4677042424.67079
48419.656483776285 113518099587468.61 726288.8472566443 4688926250.013798
48486.30949584626 113987541803275.12 727288.6424376939 4701844399.053983
48548.09746093174 114423873463390.44 728215.4619139761 4713835516.152254
48644.8174026747 115109119681080.95 729666.2610401205 4732636502.279127
48741.86390894456 115799423768903.3 731121.9586341684 4751538576.636144
48812.69225318249 116304973104336.14 732184.3837977373 4765357832.007804
48842.5848265206 116518777196645.52 732632.772397809 4771196167.071721
48912.88044269409 117022592870619.02 733687.2066404114 4784939728.402573
48990.59462221581 117581266066751.77 734852.9193332371 4800156704.876561
49073.978087289084 118182669062922.06 736103.6713093363 4816510632.623459
49159.92348260801 118804692536811.3 737392.85223912 4833396135.631748
49234.23391821718 119344264996944.2 738507.5087732577 4848019561.027453
49325.61744103238 120010042879413.77 739878.2616154857 4866033053.878156
49347.04665659925 120166523749373.2 740199.6998489887 4870262009.457166
49432.55085103336 120792248445431.05 741482.2627655005 4887154149.279998
49484.251193714976 121171646289968.83 742257.7679057246 4897382214.405364
49499.410702161564 121283043270460.78 742485.1605324234 4900383301.722533
49599.30675238898 122018819571360.6 743983.6012858347 4920182442.635158
49673.36948019468 122566239378514.89 745094.5422029202 4934887253.031872
49717.74654966198 122895026687687.48 745760.1982449297 4943708625.952851
49803.385498097065 123531182224480.38 747044.782471456 4960754396.14413
49895.16509158507 124215385588395.22 748421.4763737761 4979054981.033059
49946.94440058329 124602505089500.08 749198.1660087494 4989394491.909917
50017.751825265565 125133185964157.86 750260.2773789834 5003550977.3077135
50053.349948690426 125400551699554.5 750794.2492303564 5010675664.172135
50104.846991900355 125788002525557.88 751566.7048785053 5020991366.163492
50143.490484111186 126079270013065.52 752146.3572616677 5028739257.860298
50203.44093262807 126532023646704.5 753045.613989421 5040770944.951752
50274.80524894356 127072387808502.88 754116.0787341534 5055112067.638406
50369.4861516101 127791674581742.92 755536.2922741515 5074170252.354484
50441.042764593156 128337084333529.78 756609.6414688973 5088597572.359031
50537.653531848955 129075917607106.94 758058.8029777344 5108108831.01041
50611.25864931763 129640713829245.38 759162.8797397644 5122998986.136257
50709.37728822673 130396169052333.95 760634.6593234009 5142881871.91945
50769.63885340957 130861598886180.2 761538.5828011435 5155112440.611269
50848.12176745605 131469419898682.39 762715.8265118407 5171062956.556075
50860.247677866886 131563498099775.88 762897.7151680033 5173529569.707928
50874.96946666997 131677776586888.7 763118.5420000496 5176525018.469204
50893.21165375156 131819474090299.6 763392.1748062734 5180237966.867107
50981.56502317106 132507203866316.39 764717.475347566 5198239926.423637
51012.00876697967 132744726474655.28 765174.131504695 5204450058.884822
51104.45920326364 133467765796820.72 766560.8880489547 5223331482.916076
51121.522439448956 133601500848207.83 766816.8365917343 5226820095.054166
51210.418396652196 134299678278470.72 768150.2759497829 5245013886.720347
51254.560684058786 134647268088216.58 768812.4102608818 5254059963.831729
51352.628333952554 135421627789504.84 770283.4250092884 5274184855.610133
51387.67810250141 135699105529216.23 770809.1715375212 5281386903.532606
51432.063523833334 136051034203546.92 771474.9528575001 5290514298.639255
51474.953586093034 136391683851790.83 772118.3037913955 5299341675.380864
51554.133584063704 137022055307352.06 773306.0037609555 5315657361.20697
51583.01082054473 137252436546389.56 773739.1623081709 5321613992.62487
51609.35827712055 137462860480760.72 774134.3741568082 5327051705.552382
51621.06849454296 137556453114670.19 774310.0274181444 5329469407.036592
51689.608670029214 138105105100615.55 775338.1300504382 5343631270.921518
51776.430736263595 138802192339483.84 776640.4610439539 5361597541.5742035
51835.49845832653 139277780520510.78 777526.476874898 5373837782.846345
51914.52839343885 139915793344851.45 778711.9259015827 5390236498.626337
51936.041156423365 140089803753697.53 779034.6173463505 5394704724.003404
52032.79072366022 140874166121689.38 780485.8608549032 5414822602.984442
52045.31332509473 140975902100586.44 780673.6998764209 5417429260.214566
52072.91534554463 141200319067728.3 781087.7301831695 5423177007.168514
52087.61204742023 141319907037001.78 781308.1807113035 5426238639.605115
52098.08560338478 141405172200847.16 781465.2840507717 5428421029.075217
52117.631379335966 141564385970891.47 781758.4706900395 5432494983.1846895
52132.73317275982 141687482258753.88 781984.9975913973 5435643718.124345
52155.87780156783 141876274984484.16 782332.1670235175 5440471160.504152
52181.066717280446 142081933631209.22 782710.0007592067 5445727429.506546
52245.19599156844 142606423512614.5 783671.9398735266 5459120990.394798
52294.29435557395 143008852331146.8 784408.4153336092 5469386426.2948265
52321.82213817502 143234811356031.7 784821.3320726253 5475146125.717643
52382.03714698661 143729909667105.56 785724.5572047991 5487755613.33657
52444.34609108395 144243424402065.84 786659.1913662592 5500818855.842785
52477.497276145696 144517135344393.44 787156.4591421854 5507775422.735758
52555.551481970324 145162952527775.16 788327.2722295548 5524171965.1480665
52649.66900062338 145944232029123.6 789739.0350093506 5543975273.750404
52749.04755732121 146772221324687.94 791229.7133598181 5564924018.409069
52766.704127679455 146919656873628.38 791494.5619151918 5568650110.996128
52837.573512741226 147512422502491.0 792557.6026911184 5583618331.428666
52910.9998860735 148128254777171.03 793658.9982911025 5599147799.88814
52928.301092251735 148273610312403.6 793918.516383776 5602810095.024113
52989.56170459618 148789053807795.38 794837.4255689427 5615787281.290411
53035.58365356746 149177064818873.7 795527.7548035119 5625546248.949104
53076.46635870717 149522312141447.3 796140.9953806076 5634222544.253948
53110.297005492714 149808408510352.4 796648.4550823907 5641407278.023296
53149.72580854025 150142307178092.72 797239.8871281038 5649786689.046019
53213.36011575568 150682233491844.53 798194.4017363351 5663323371.618194
53274.450807564885 151201794023929.84 799110.7621134733 5676334199.695302
53309.98079336268 151504515937775.72 799643.7119004402 5683908086.377396
53373.00959592187 152042526413158.22 800589.143938828 5697356288.652736
53421.29233087229 152455525715506.03 801313.3849630844 5707668930.601029
53467.66609848712 152852899637087.3 802008.9914773068 5717582618.038618
53482.410259059136 152979385945048.1 802230.153885887 5720736396.236628
53556.54350136606 153616413236502.34 803342.1525204909 5736606685.627431
53641.91716910039 154352217657533.2 804622.7575365058 5754910537.153254
53738.952817520134 155191381050717.9 806078.292262802 5775750081.84731
53770.78964572922 155467366835317.06 806555.8446859383 5782595620.250522
53791.187370878855 155644361655308.9 806861.8105631828 5786983659.537993
53876.04310527335 156382112360775.47 808134.6465791002 5805256023.362544
53933.217723449125 156880510846208.25 808992.2658517369 5817583930.009933
53986.86545589264 157349126953492.25 809796.9818383896 5829163265.505309
54001.51180226694 157477225616470.12 810016.6770340041 5832326535.860751
54099.77862314676 158338477223967.47 811490.6793472015 5853572076.146975
54180.425825652695 159047644659802.16 812700.3873847905 5871037067.298107
54249.24722817671 159654494353628.84 813732.7084226507 5885961631.647677
54323.76754738608 160313334162389.03 814850.5132107912 5902143423.084874
54334.88741196452 160411800869072.94 815017.3111794678 5904559962.141721
54385.88361472773 160863890120650.75 815782.254220916 5915648655.109421
54396.10217954373 160954581317579.66 815935.5326931559 5917871846.654723
54486.04476308763 161754305211344.53 817284.6714463144 5937458129.850378
54537.10262942266 162209462381116.16 818050.5394413399 5948591108.42436